T(K)   P(dyne/cm2)          H         H2          C          N         C2          O        H2O         OH         CO        CO2        CH4       C2H2        NH3         N2        HCN         Fe        Fe+
3766.9  1.000E+09   2.983E-02   8.262E-01   3.389E-08   1.443E-07   9.472E-11   1.817E-07   4.651E-04   9.438E-06   3.492E-04   2.275E-08   4.328E-05   1.240E-06   2.172E-05   4.021E-05   7.092E-06   5.319E-05   4.347E-09
3766.9  8.702E+08   3.194E-02   8.243E-01   3.663E-08   1.574E-07   9.631E-11   2.017E-07   4.484E-04   9.765E-06   3.647E-04   2.296E-08   3.496E-05   1.094E-06   1.918E-05   4.166E-05   6.782E-06   5.314E-05   4.607E-09
3766.9  7.572E+08   3.420E-02   8.222E-01   3.921E-08   1.715E-07   9.601E-11   2.247E-07   4.335E-04   1.013E-05   3.783E-04   2.308E-08   2.798E-05   9.470E-07   1.689E-05   4.300E-05   6.410E-06   5.307E-05   4.889E-09
3766.9  6.589E+08   3.661E-02   8.200E-01   4.158E-08   1.864E-07   9.395E-11   2.510E-07   4.203E-04   1.055E-05   3.901E-04   2.314E-08   2.222E-05   8.042E-07   1.485E-05   4.425E-05   5.992E-06   5.301E-05   5.193E-09
3766.9  5.733E+08   3.919E-02   8.177E-01   4.372E-08   2.024E-07   9.037E-11   2.814E-07   4.088E-04   1.101E-05   4.000E-04   2.315E-08   1.750E-05   6.711E-07   1.303E-05   4.538E-05   5.544E-06   5.294E-05   5.521E-09
3766.9  4.989E+08   4.195E-02   8.151E-01   4.560E-08   2.195E-07   8.559E-11   3.164E-07   3.988E-04   1.153E-05   4.084E-04   2.312E-08   1.369E-05   5.514E-07   1.141E-05   4.642E-05   5.082E-06   5.286E-05   5.875E-09
3766.9  4.341E+08   4.490E-02   8.124E-01   4.725E-08   2.376E-07   7.993E-11   3.569E-07   3.901E-04   1.212E-05   4.152E-04   2.307E-08   1.064E-05   4.466E-07   9.979E-06   4.735E-05   4.619E-06   5.278E-05   6.258E-09
3766.9  3.777E+08   4.805E-02   8.095E-01   4.865E-08   2.570E-07   7.373E-11   4.037E-07   3.826E-04   1.276E-05   4.208E-04   2.301E-08   8.219E-06   3.571E-07   8.712E-06   4.819E-05   4.167E-06   5.269E-05   6.671E-09
3766.9  3.287E+08   5.141E-02   8.064E-01   4.982E-08   2.776E-07   6.730E-11   4.577E-07   3.760E-04   1.347E-05   4.252E-04   2.294E-08   6.320E-06   2.826E-07   7.596E-06   4.893E-05   3.735E-06   5.260E-05   7.117E-09
3766.9  2.860E+08   5.500E-02   8.031E-01   5.079E-08   2.996E-07   6.087E-11   5.202E-07   3.703E-04   1.425E-05   4.286E-04   2.287E-08   4.836E-06   2.215E-07   6.612E-06   4.958E-05   3.329E-06   5.250E-05   7.600E-09
3766.9  2.489E+08   5.882E-02   7.996E-01   5.159E-08   3.229E-07   5.463E-11   5.921E-07   3.652E-04   1.510E-05   4.312E-04   2.279E-08   3.688E-06   1.722E-07   5.749E-06   5.015E-05   2.952E-06   5.240E-05   8.122E-09
3766.9  2.166E+08   6.291E-02   7.958E-01   5.222E-08   3.479E-07   4.872E-11   6.750E-07   3.606E-04   1.602E-05   4.331E-04   2.271E-08   2.802E-06   1.330E-07   4.992E-06   5.063E-05   2.607E-06   5.229E-05   8.685E-09
3766.9  1.884E+08   6.728E-02   7.918E-01   5.273E-08   3.745E-07   4.320E-11   7.710E-07   3.564E-04   1.702E-05   4.344E-04   2.263E-08   2.120E-06   1.021E-07   4.326E-06   5.105E-05   2.293E-06   5.217E-05   9.297E-09
3766.9  1.640E+08   7.191E-02   7.875E-01   5.311E-08   4.027E-07   3.816E-11   8.808E-07   3.525E-04   1.809E-05   4.352E-04   2.254E-08   1.602E-06   7.808E-08   3.748E-06   5.139E-05   2.012E-06   5.204E-05   9.956E-09
3766.9  1.427E+08   7.687E-02   7.829E-01   5.341E-08   4.329E-07   3.358E-11   1.007E-06   3.488E-04   1.925E-05   4.355E-04   2.246E-08   1.207E-06   5.942E-08   3.241E-06   5.167E-05   1.760E-06   5.191E-05   1.067E-08
3766.9  1.242E+08   8.214E-02   7.780E-01   5.363E-08   4.650E-07   2.946E-11   1.153E-06   3.452E-04   2.048E-05   4.355E-04   2.237E-08   9.073E-07   4.510E-08   2.801E-06   5.188E-05   1.536E-06   5.177E-05   1.144E-08
3766.9  1.080E+08   8.779E-02   7.728E-01   5.378E-08   4.994E-07   2.576E-11   1.321E-06   3.417E-04   2.181E-05   4.352E-04   2.227E-08   6.795E-07   3.406E-08   2.415E-06   5.204E-05   1.337E-06   5.161E-05   1.228E-08
3766.9  9.401E+07   9.376E-02   7.672E-01   5.388E-08   5.359E-07   2.251E-11   1.513E-06   3.382E-04   2.322E-05   4.346E-04   2.217E-08   5.090E-07   2.572E-08   2.081E-06   5.216E-05   1.163E-06   5.145E-05   1.319E-08
3766.9  8.180E+07   1.001E-01   7.613E-01   5.393E-08   5.748E-07   1.962E-11   1.734E-06   3.346E-04   2.473E-05   4.338E-04   2.207E-08   3.802E-07   1.936E-08   1.791E-06   5.222E-05   1.010E-06   5.128E-05   1.417E-08
3766.9  7.118E+07   1.069E-01   7.551E-01   5.395E-08   6.163E-07   1.709E-11   1.987E-06   3.310E-04   2.633E-05   4.328E-04   2.195E-08   2.835E-07   1.455E-08   1.540E-06   5.224E-05   8.757E-07   5.110E-05   1.524E-08
3766.9  6.194E+07   1.141E-01   7.484E-01   5.393E-08   6.606E-07   1.486E-11   2.278E-06   3.272E-04   2.803E-05   4.316E-04   2.184E-08   2.111E-07   1.091E-08   1.322E-06   5.222E-05   7.583E-07   5.090E-05   1.640E-08
3766.9  5.389E+07   1.217E-01   7.413E-01   5.390E-08   7.078E-07   1.291E-11   2.611E-06   3.233E-04   2.983E-05   4.302E-04   2.171E-08   1.568E-07   8.172E-09   1.133E-06   5.215E-05   6.557E-07   5.069E-05   1.766E-08
3766.9  4.690E+07   1.298E-01   7.338E-01   5.384E-08   7.580E-07   1.121E-11   2.993E-06   3.192E-04   3.173E-05   4.286E-04   2.157E-08   1.163E-07   6.113E-09   9.704E-07   5.206E-05   5.666E-07   5.047E-05   1.902E-08
3766.9  4.081E+07   1.384E-01   7.258E-01   5.376E-08   8.115E-07   9.729E-12   3.430E-06   3.149E-04   3.374E-05   4.269E-04   2.143E-08   8.610E-08   4.565E-09   8.296E-07   5.192E-05   4.891E-07   5.024E-05   2.051E-08
3766.9  3.551E+07   1.475E-01   7.174E-01   5.367E-08   8.686E-07   8.437E-12   3.931E-06   3.104E-04   3.586E-05   4.250E-04   2.128E-08   6.362E-08   3.405E-09   7.082E-07   5.176E-05   4.217E-07   4.999E-05   2.212E-08
3766.9  3.090E+07   1.571E-01   7.085E-01   5.357E-08   9.294E-07   7.315E-12   4.504E-06   3.056E-04   3.809E-05   4.229E-04   2.111E-08   4.692E-08   2.537E-09   6.036E-07   5.156E-05   3.633E-07   4.973E-05   2.387E-08
3766.9  2.689E+07   1.673E-01   6.990E-01   5.346E-08   9.940E-07   6.340E-12   5.159E-06   3.005E-04   4.043E-05   4.207E-04   2.093E-08   3.454E-08   1.888E-09   5.137E-07   5.133E-05   3.127E-07   4.945E-05   2.578E-08
3766.9  2.340E+07   1.781E-01   6.891E-01   5.335E-08   1.063E-06   5.494E-12   5.908E-06   2.952E-04   4.288E-05   4.183E-04   2.074E-08   2.537E-08   1.403E-09   4.364E-07   5.107E-05   2.689E-07   4.916E-05   2.786E-08
3766.9  2.036E+07   1.895E-01   6.785E-01   5.324E-08   1.136E-06   4.760E-12   6.763E-06   2.896E-04   4.544E-05   4.158E-04   2.054E-08   1.859E-08   1.042E-09   3.700E-07   5.078E-05   2.310E-07   4.885E-05   3.012E-08
3766.8  1.771E+07   2.014E-01   6.674E-01   5.310E-08   1.214E-06   4.121E-12   7.738E-06   2.836E-04   4.810E-05   4.131E-04   2.032E-08   1.359E-08   7.720E-10   3.130E-07   5.047E-05   1.983E-07   4.853E-05   3.258E-08
3766.8  1.541E+07   2.140E-01   6.557E-01   5.299E-08   1.297E-06   3.571E-12   8.850E-06   2.773E-04   5.086E-05   4.103E-04   2.008E-08   9.915E-09   5.720E-10   2.643E-07   5.012E-05   1.701E-07   4.818E-05   3.528E-08
3766.8  1.341E+07   2.273E-01   6.435E-01   5.289E-08   1.385E-06   3.096E-12   1.011E-05   2.706E-04   5.371E-05   4.073E-04   1.982E-08   7.217E-09   4.234E-10   2.227E-07   4.975E-05   1.458E-07   4.782E-05   3.821E-08
3766.8  1.167E+07   2.412E-01   6.306E-01   5.281E-08   1.479E-06   2.686E-12   1.155E-05   2.636E-04   5.665E-05   4.042E-04   1.955E-08   5.241E-09   3.132E-10   1.873E-07   4.935E-05   1.249E-07   4.744E-05   4.141E-08
3766.8  1.016E+07   2.557E-01   6.171E-01   5.274E-08   1.578E-06   2.332E-12   1.318E-05   2.561E-04   5.965E-05   4.009E-04   1.926E-08   3.800E-09   2.317E-10   1.572E-07   4.892E-05   1.070E-07   4.705E-05   4.490E-08
3766.8  8.837E+06   2.710E-01   6.029E-01   5.269E-08   1.684E-06   2.025E-12   1.503E-05   2.483E-04   6.272E-05   3.974E-04   1.894E-08   2.742E-09   1.710E-10   1.314E-07   4.846E-05   9.144E-08   4.663E-05   4.874E-08
3766.8  7.690E+06   2.870E-01   5.881E-01   5.268E-08   1.796E-06   1.761E-12   1.712E-05   2.401E-04   6.582E-05   3.937E-04   1.860E-08   1.975E-09   1.262E-10   1.096E-07   4.798E-05   7.818E-08   4.620E-05   5.291E-08
3766.9  6.691E+06   3.036E-01   5.727E-01   5.272E-08   1.916E-06   1.534E-12   1.949E-05   2.314E-04   6.895E-05   3.899E-04   1.823E-08   1.418E-09   9.313E-11   9.115E-08   4.747E-05   6.679E-08   4.574E-05   5.751E-08
3766.9  5.822E+06   3.209E-01   5.567E-01   5.279E-08   2.043E-06   1.338E-12   2.214E-05   2.224E-04   7.205E-05   3.860E-04   1.784E-08   1.016E-09   6.871E-11   7.558E-08   4.694E-05   5.704E-08   4.527E-05   6.251E-08
3767.0  5.066E+06   3.389E-01   5.400E-01   5.294E-08   2.178E-06   1.170E-12   2.513E-05   2.129E-04   7.510E-05   3.819E-04   1.742E-08   7.249E-10   5.070E-11   6.245E-08   4.638E-05   4.871E-08   4.478E-05   6.801E-08
3767.4  4.409E+06   3.577E-01   5.226E-01   5.324E-08   2.323E-06   1.028E-12   2.849E-05   2.030E-04   7.810E-05   3.776E-04   1.697E-08   5.157E-10   3.743E-11   5.141E-08   4.578E-05   4.159E-08   4.427E-05   7.414E-08
3768.0  3.836E+06   3.772E-01   5.045E-01   5.368E-08   2.480E-06   9.064E-13   3.227E-05   1.926E-04   8.098E-05   3.731E-04   1.648E-08   3.651E-10   2.764E-11   4.212E-08   4.516E-05   3.549E-08   4.373E-05   8.094E-08
3769.0  3.338E+06   3.975E-01   4.857E-01   5.433E-08   2.650E-06   8.040E-13   3.652E-05   1.818E-04   8.371E-05   3.684E-04   1.596E-08   2.575E-10   2.043E-11   3.436E-08   4.451E-05   3.030E-08   4.318E-05   8.859E-08
3770.7  2.905E+06   4.188E-01   4.660E-01   5.533E-08   2.838E-06   7.193E-13   4.131E-05   1.705E-04   8.625E-05   3.635E-04   1.538E-08   1.806E-10   1.514E-11   2.786E-08   4.382E-05   2.588E-08   4.260E-05   9.732E-08
3772.8  2.527E+06   4.408E-01   4.455E-01   5.662E-08   3.044E-06   6.482E-13   4.666E-05   1.587E-04   8.849E-05   3.585E-04   1.477E-08   1.260E-10   1.122E-11   2.245E-08   4.309E-05   2.211E-08   4.199E-05   1.072E-07
3777.6  2.199E+06   4.649E-01   4.232E-01   5.902E-08   3.296E-06   5.977E-13   5.296E-05   1.459E-04   9.049E-05   3.529E-04   1.406E-08   8.677E-11   8.354E-12   1.788E-08   4.228E-05   1.891E-08   4.133E-05   1.197E-07
3783.7  1.914E+06   4.901E-01   3.998E-01   6.223E-08   3.585E-06   5.605E-13   6.006E-05   1.325E-04   9.199E-05   3.471E-04   1.328E-08   5.931E-11   6.250E-12   1.411E-08   4.142E-05   1.620E-08   4.063E-05   1.345E-07
3793.1  1.665E+06   5.178E-01   3.742E-01   6.724E-08   3.946E-06   5.424E-13   6.841E-05   1.181E-04   9.288E-05   3.408E-04   1.240E-08   3.983E-11   4.701E-12   1.094E-08   4.045E-05   1.391E-08   3.987E-05   1.538E-07
3808.0  1.449E+06   5.488E-01   3.455E-01   7.558E-08   4.429E-06   5.529E-13   7.848E-05   1.021E-04   9.288E-05   3.336E-04   1.135E-08   2.611E-11   3.578E-12   8.280E-09   3.932E-05   1.199E-08   3.900E-05   1.805E-07
3824.4  1.261E+06   5.806E-01   3.160E-01   8.653E-08   4.993E-06   5.804E-13   8.943E-05   8.649E-05   9.160E-05   3.263E-04   1.025E-08   1.695E-11   2.761E-12   6.168E-09   3.813E-05   1.039E-08   3.811E-05   2.134E-07
3852.6  1.097E+06   6.187E-01   2.807E-01   1.079E-07   5.863E-06   6.821E-13   1.033E-04   6.867E-05   8.834E-05   3.175E-04   8.885E-09   1.046E-11   2.189E-12   4.352E-09   3.660E-05   9.105E-09   3.703E-05   2.667E-07
3883.6  9.547E+05   6.568E-01   2.453E-01   1.392E-07   6.932E-06   8.478E-13   1.178E-04   5.243E-05   8.301E-05   3.087E-04   7.515E-09   6.365E-12   1.787E-12   2.990E-09   3.497E-05   8.077E-09   3.593E-05   3.369E-07
3922.6  8.307E+05   6.968E-01   2.083E-01   1.928E-07   8.393E-06   1.171E-12   1.331E-04   3.742E-05   7.523E-05   2.995E-04   6.097E-09   3.739E-12   1.522E-12   1.952E-09   3.309E-05   7.290E-09   3.475E-05   4.398E-07
3979.0  7.229E+05   7.408E-01   1.676E-01   3.069E-07   1.070E-05   1.979E-12   1.497E-04   2.361E-05   6.422E-05   2.893E-04   4.589E-09   2.045E-12   1.394E-12   1.156E-09   3.067E-05   6.769E-09   3.338E-05   6.157E-07
4039.2  6.290E+05   7.800E-01   1.312E-01   5.122E-07   1.365E-05   3.641E-12   1.640E-04   1.400E-05   5.244E-05   2.800E-04   3.341E-09   1.098E-12   1.340E-12   6.527E-10   2.807E-05   6.401E-09   3.208E-05   8.645E-07
4138.3  5.473E+05   8.230E-01   9.135E-02   1.141E-06   1.916E-05   1.015E-11   1.787E-04   6.427E-06   3.787E-05   2.695E-04   2.097E-09   5.042E-13   1.489E-12   2.957E-10   2.409E-05   6.328E-09   3.039E-05   1.386E-06
4230.5  4.763E+05   8.529E-01   6.366E-02   2.421E-06   2.550E-05   2.697E-11   1.887E-04   2.980E-06   2.699E-05   2.613E-04   1.340E-09   2.365E-13   1.654E-12   1.327E-10   2.007E-05   6.156E-09   2.888E-05   2.092E-06
4320.5  4.144E+05   8.739E-01   4.419E-02   4.982E-06   3.253E-05   6.913E-11   1.968E-04   1.388E-06   1.914E-05   2.539E-04   8.663E-10   1.105E-13   1.809E-12   5.800E-11   1.598E-05   5.804E-09   2.737E-05   3.042E-06
4395.1  3.606E+05   8.872E-01   3.183E-02   9.039E-06   3.880E-05   1.482E-10   2.041E-04   7.089E-07   1.412E-05   2.468E-04   5.931E-10   5.408E-14   1.843E-12   2.671E-11   1.249E-05   5.222E-09   2.593E-05   4.114E-06
4458.7  3.138E+05   8.961E-01   2.358E-02   1.490E-05   4.411E-05   2.756E-10   2.120E-04   3.889E-07   1.078E-05   2.388E-04   4.230E-10   2.714E-14   1.758E-12   1.277E-11   9.606E-06   4.504E-09   2.451E-05   5.297E-06
4512.3  2.730E+05   9.022E-01   1.792E-02   2.252E-05   4.833E-05   4.502E-10   2.209E-04   2.276E-07   8.495E-06   2.298E-04   3.120E-10   1.390E-14   1.574E-12   6.347E-12   7.346E-06   3.747E-09   2.309E-05   6.549E-06
4558.2  2.376E+05   9.066E-01   1.390E-02   3.178E-05   5.160E-05   6.621E-10   2.311E-04   1.402E-07   6.871E-06   2.195E-04   2.358E-10   7.225E-15   1.336E-12   3.260E-12   5.611E-06   3.031E-09   2.167E-05   7.851E-06
4596.8  2.067E+05   9.097E-01   1.099E-02   4.226E-05   5.406E-05   8.885E-10   2.422E-04   9.023E-08   5.680E-06   2.083E-04   1.817E-10   3.808E-15   1.083E-12   1.731E-12   4.316E-06   2.403E-09   2.027E-05   9.166E-06
4629.4  1.799E+05   9.120E-01   8.825E-03   5.354E-05   5.588E-05   1.109E-09   2.540E-04   6.020E-08   4.776E-06   1.965E-04   1.421E-10   2.036E-15   8.484E-13   9.482E-13   3.355E-06   1.880E-09   1.891E-05   1.047E-05
4657.3  1.565E+05   9.138E-01   7.170E-03   6.538E-05   5.726E-05   1.307E-09   2.663E-04   4.119E-08   4.063E-06   1.842E-04   1.120E-10   1.098E-15   6.457E-13   5.315E-13   2.633E-06   1.457E-09   1.757E-05   1.176E-05
4681.2  1.362E+05   9.152E-01   5.887E-03   7.747E-05   5.830E-05   1.473E-09   2.787E-04   2.880E-08   3.488E-06   1.718E-04   8.882E-11   5.980E-16   4.814E-13   3.048E-13   2.089E-06   1.123E-09   1.627E-05   1.302E-05
4702.1  1.185E+05   9.163E-01   4.869E-03   8.968E-05   5.910E-05   1.601E-09   2.912E-04   2.043E-08   3.013E-06   1.594E-04   7.055E-11   3.273E-16   3.523E-13   1.775E-13   1.670E-06   8.609E-10   1.502E-05   1.424E-05
4720.1  1.031E+05   9.172E-01   4.056E-03   1.017E-04   5.971E-05   1.688E-09   3.034E-04   1.468E-08   2.614E-06   1.471E-04   5.612E-11   1.805E-16   2.543E-13   1.051E-13   1.349E-06   6.584E-10   1.382E-05   1.542E-05
4735.4  8.975E+04   9.179E-01   3.404E-03   1.133E-04   6.019E-05   1.735E-09   3.152E-04   1.068E-08   2.278E-06   1.354E-04   4.473E-11   1.005E-16   1.819E-13   6.330E-14   1.101E-06   5.038E-10   1.268E-05   1.653E-05
4748.6  7.809E+04   9.185E-01   2.870E-03   1.246E-04   6.056E-05   1.745E-09   3.266E-04   7.833E-09   1.990E-06   1.240E-04   3.561E-11   5.620E-17   1.289E-13   3.855E-14   9.054E-07   3.850E-10   1.161E-05   1.759E-05
4760.0  6.795E+04   9.189E-01   2.430E-03   1.353E-04   6.086E-05   1.726E-09   3.375E-04   5.782E-09   1.741E-06   1.132E-04   2.832E-11   3.158E-17   9.062E-14   2.373E-14   7.499E-07   2.941E-10   1.060E-05   1.859E-05
4770.0  5.913E+04   9.193E-01   2.065E-03   1.454E-04   6.110E-05   1.681E-09   3.478E-04   4.289E-09   1.524E-06   1.030E-04   2.247E-11   1.780E-17   6.328E-14   1.473E-14   6.246E-07   2.245E-10   9.653E-06   1.952E-05
4778.8  5.145E+04   9.197E-01   1.760E-03   1.551E-04   6.129E-05   1.615E-09   3.575E-04   3.192E-09   1.335E-06   9.328E-05   1.777E-11   1.006E-17   4.390E-14   9.204E-15   5.227E-07   1.712E-10   8.767E-06   2.040E-05
4786.3  4.477E+04   9.199E-01   1.504E-03   1.640E-04   6.145E-05   1.535E-09   3.666E-04   2.386E-09   1.170E-06   8.427E-05   1.403E-11   5.704E-18   3.033E-14   5.798E-15   4.400E-07   1.306E-10   7.947E-06   2.121E-05
4792.7  3.896E+04   9.202E-01   1.290E-03   1.723E-04   6.158E-05   1.444E-09   3.750E-04   1.790E-09   1.026E-06   7.593E-05   1.106E-11   3.247E-18   2.087E-14   3.677E-15   3.721E-07   9.971E-11   7.191E-06   2.196E-05
4798.2  3.390E+04   9.204E-01   1.108E-03   1.800E-04   6.169E-05   1.347E-09   3.827E-04   1.345E-09   8.993E-07   6.823E-05   8.693E-12   1.851E-18   1.431E-14   2.344E-15   3.159E-07   7.610E-11   6.495E-06   2.265E-05
4803.1  2.950E+04   9.205E-01   9.529E-04   1.871E-04   6.178E-05   1.247E-09   3.899E-04   1.013E-09   7.880E-07   6.111E-05   6.811E-12   1.057E-18   9.766E-15   1.500E-15   2.689E-07   5.803E-11   5.853E-06   2.329E-05
4807.3  2.567E+04   9.207E-01   8.211E-04   1.936E-04   6.186E-05   1.146E-09   3.964E-04   7.635E-10   6.904E-07   5.461E-05   5.323E-12   6.039E-19   6.645E-15   9.637E-16   2.296E-07   4.425E-11   5.265E-06   2.387E-05
4811.0  2.234E+04   9.208E-01   7.084E-04   1.995E-04   6.192E-05   1.047E-09   4.024E-04   5.762E-10   6.046E-07   4.867E-05   4.149E-12   3.455E-19   4.507E-15   6.213E-16   1.965E-07   3.372E-11   4.728E-06   2.441E-05
4814.1  1.944E+04   9.209E-01   6.120E-04   2.048E-04   6.198E-05   9.510E-10   4.078E-04   4.354E-10   5.293E-07   4.329E-05   3.228E-12   1.979E-19   3.049E-15   4.019E-16   1.686E-07   2.570E-11   4.240E-06   2.489E-05
4816.6  1.691E+04   9.210E-01   5.292E-04   2.097E-04   6.202E-05   8.598E-10   4.127E-04   3.293E-10   4.632E-07   3.845E-05   2.507E-12   1.135E-19   2.058E-15   2.606E-16   1.451E-07   1.959E-11   3.798E-06   2.533E-05
4818.9  1.472E+04   9.211E-01   4.582E-04   2.140E-04   6.206E-05   7.743E-10   4.171E-04   2.493E-10   4.053E-07   3.408E-05   1.942E-12   6.517E-20   1.387E-15   1.695E-16   1.250E-07   1.493E-11   3.397E-06   2.573E-05
4821.0  1.281E+04   9.211E-01   3.968E-04   2.180E-04   6.210E-05   6.942E-10   4.211E-04   1.886E-10   3.543E-07   3.013E-05   1.500E-12   3.736E-20   9.315E-16   1.103E-16   1.077E-07   1.136E-11   3.033E-06   2.609E-05
4823.0  1.114E+04   9.212E-01   3.435E-04   2.215E-04   6.212E-05   6.197E-10   4.247E-04   1.424E-10   3.093E-07   2.655E-05   1.153E-12   2.134E-20   6.221E-16   7.170E-17   9.283E-08   8.620E-12   2.701E-06   2.642E-05
4824.8  9.696E+03   9.212E-01   2.977E-04   2.247E-04   6.215E-05   5.517E-10   4.279E-04   1.077E-10   2.701E-07   2.337E-05   8.859E-13   1.222E-20   4.156E-16   4.676E-17   8.013E-08   6.547E-12   2.404E-06   2.672E-05
4826.1  8.437E+03   9.213E-01   2.583E-04   2.275E-04   6.217E-05   4.901E-10   4.307E-04   8.158E-11   2.359E-07   2.057E-05   6.806E-13   7.013E-21   2.776E-16   3.057E-17   6.932E-08   4.977E-12   2.140E-06   2.698E-05
4827.3  7.341E+03   9.213E-01   2.241E-04   2.300E-04   6.219E-05   4.342E-10   4.332E-04   6.175E-11   2.058E-07   1.808E-05   5.217E-13   4.020E-21   1.850E-16   1.999E-17   5.998E-08   3.780E-12   1.902E-06   2.722E-05
4828.3  6.388E+03   9.214E-01   1.945E-04   2.322E-04   6.220E-05   3.838E-10   4.354E-04   4.677E-11   1.796E-07   1.587E-05   3.996E-13   2.306E-21   1.232E-16   1.310E-17   5.196E-08   2.871E-12   1.690E-06   2.743E-05
4829.4  5.559E+03   9.214E-01   1.689E-04   2.342E-04   6.222E-05   3.385E-10   4.374E-04   3.538E-11   1.566E-07   1.390E-05   3.051E-13   1.321E-21   8.178E-17   8.573E-18   4.499E-08   2.177E-12   1.499E-06   2.762E-05
4830.4  4.837E+03   9.214E-01   1.466E-04   2.359E-04   6.223E-05   2.980E-10   4.391E-04   2.676E-11   1.365E-07   1.217E-05   2.326E-13   7.557E-22   5.421E-17   5.614E-18   3.896E-08   1.650E-12   1.330E-06   2.779E-05
4831.1  4.209E+03   9.214E-01   1.273E-04   2.374E-04   6.224E-05   2.621E-10   4.406E-04   2.026E-11   1.190E-07   1.065E-05   1.774E-13   4.333E-22   3.597E-17   3.683E-18   3.380E-08   1.251E-12   1.180E-06   2.794E-05
4831.6  3.662E+03   9.214E-01   1.107E-04   2.387E-04   6.225E-05   2.302E-10   4.420E-04   1.535E-11   1.037E-07   9.320E-06   1.353E-13   2.485E-22   2.385E-17   2.419E-18   2.934E-08   9.496E-13   1.047E-06   2.807E-05
4831.9  3.187E+03   9.215E-01   9.625E-05   2.399E-04   6.226E-05   2.021E-10   4.432E-04   1.164E-11   9.044E-08   8.158E-06   1.033E-13   1.428E-22   1.584E-17   1.591E-18   2.550E-08   7.214E-13   9.298E-07   2.818E-05
4832.3  2.773E+03   9.215E-01   8.367E-05   2.409E-04   6.226E-05   1.771E-10   4.442E-04   8.814E-12   7.880E-08   7.129E-06   7.862E-14   8.187E-23   1.048E-17   1.046E-18   2.215E-08   5.471E-13   8.254E-07   2.829E-05
4832.6  2.413E+03   9.215E-01   7.275E-05   2.418E-04   6.227E-05   1.551E-10   4.451E-04   6.678E-12   6.866E-08   6.228E-06   5.985E-14   4.697E-23   6.943E-18   6.879E-19   1.925E-08   4.150E-13   7.333E-07   2.838E-05
4833.0  2.100E+03   9.215E-01   6.326E-05   2.426E-04   6.227E-05   1.357E-10   4.459E-04   5.057E-12   5.981E-08   5.436E-06   4.549E-14   2.692E-23   4.591E-18   4.523E-19   1.672E-08   3.145E-13   6.515E-07   2.846E-05
4833.1  1.827E+03   9.215E-01   5.502E-05   2.433E-04   6.228E-05   1.187E-10   4.466E-04   3.832E-12   5.210E-08   4.747E-06   3.461E-14   1.544E-23   3.038E-18   2.977E-19   1.454E-08   2.386E-13   5.797E-07   2.853E-05
4833.0  1.590E+03   9.215E-01   4.790E-05   2.439E-04   6.228E-05   1.039E-10   4.472E-04   2.907E-12   4.542E-08   4.149E-06   2.637E-14   8.882E-24   2.014E-18   1.964E-19   1.266E-08   1.813E-13   5.166E-07   2.860E-05
4833.0  1.383E+03   9.215E-01   4.166E-05   2.444E-04   6.228E-05   9.073E-11   4.477E-04   2.202E-12   3.955E-08   3.621E-06   2.004E-14   5.091E-24   1.331E-18   1.292E-19   1.101E-08   1.375E-13   4.605E-07   2.865E-05
4833.1  1.204E+03   9.215E-01   3.626E-05   2.449E-04   6.229E-05   7.926E-11   4.482E-04   1.670E-12   3.446E-08   3.160E-06   1.524E-14   2.924E-24   8.807E-19   8.522E-20   9.585E-09   1.043E-13   4.111E-07   2.870E-05
4833.5  1.047E+03   9.215E-01   3.150E-05   2.453E-04   6.229E-05   6.907E-11   4.486E-04   1.262E-12   2.997E-08   2.749E-06   1.152E-14   1.667E-24   5.791E-19   5.590E-20   8.319E-09   7.881E-14   3.668E-07   2.874E-05
4833.7  9.114E+02   9.215E-01   2.741E-05   2.456E-04   6.229E-05   6.026E-11   4.490E-04   9.557E-13   2.609E-08   2.395E-06   8.743E-15   9.560E-25   3.824E-19   3.683E-20   7.235E-09   5.972E-14   3.281E-07   2.878E-05
4833.8  7.931E+02   9.215E-01   2.385E-05   2.460E-04   6.229E-05   5.255E-11   4.493E-04   7.239E-13   2.272E-08   2.087E-06   6.633E-15   5.477E-25   2.524E-19   2.425E-20   6.293E-09   4.525E-14   2.940E-07   2.882E-05
4834.2  6.901E+02   9.215E-01   2.073E-05   2.462E-04   6.229E-05   4.577E-11   4.495E-04   5.473E-13   1.976E-08   1.815E-06   5.017E-15   3.128E-25   1.661E-19   1.594E-20   5.465E-09   3.421E-14   2.635E-07   2.885E-05
4834.7  6.005E+02   9.215E-01   1.802E-05   2.465E-04   6.230E-05   3.984E-11   4.498E-04   4.136E-13   1.718E-08   1.577E-06   3.790E-15   1.784E-25   1.092E-19   1.047E-20   4.744E-09   2.584E-14   2.365E-07   2.887E-05
4835.4  5.225E+02   9.215E-01   1.565E-05   2.467E-04   6.230E-05   3.465E-11   4.500E-04   3.122E-13   1.493E-08   1.369E-06   2.858E-15   1.016E-25   7.162E-20   6.866E-21   4.113E-09   1.949E-14   2.125E-07   2.890E-05
4836.0  4.547E+02   9.215E-01   1.360E-05   2.469E-04   6.230E-05   3.014E-11   4.502E-04   2.358E-13   1.298E-08   1.189E-06   2.157E-15   5.787E-26   4.703E-20   4.508E-21   3.569E-09   1.471E-14   1.914E-07   2.892E-05
4836.5  3.957E+02   9.215E-01   1.182E-05   2.470E-04   6.230E-05   2.622E-11   4.503E-04   1.782E-13   1.129E-08   1.032E-06   1.629E-15   3.300E-26   3.090E-20   2.962E-21   3.098E-09   1.111E-14   1.726E-07   2.894E-05
4836.9  3.443E+02   9.216E-01   1.028E-05   2.471E-04   6.230E-05   2.281E-11   4.505E-04   1.347E-13   9.816E-09   8.970E-07   1.230E-15   1.882E-26   2.031E-20   1.946E-21   2.690E-09   8.395E-15   1.560E-07   2.895E-05
4837.3  2.996E+02   9.216E-01   8.934E-06   2.473E-04   6.230E-05   1.984E-11   4.506E-04   1.018E-13   8.536E-09   7.793E-07   9.294E-16   1.073E-26   1.335E-20   1.279E-21   2.336E-09   6.342E-15   1.412E-07   2.897E-05
4837.7  2.607E+02   9.216E-01   7.766E-06   2.474E-04   6.230E-05   1.726E-11   4.507E-04   7.694E-14   7.422E-09   6.770E-07   7.020E-16   6.116E-27   8.772E-21   8.407E-22   2.029E-09   4.792E-15   1.281E-07   2.898E-05
4838.1  2.268E+02   9.216E-01   6.750E-06   2.475E-04   6.230E-05   1.501E-11   4.508E-04   5.813E-14   6.452E-09   5.880E-07   5.299E-16   3.482E-27   5.760E-21   5.521E-22   1.762E-09   3.618E-15   1.163E-07   2.899E-05
4838.4  1.974E+02   9.216E-01   5.871E-06   2.475E-04   6.230E-05   1.306E-11   4.508E-04   4.398E-14   5.613E-09   5.111E-07   4.007E-16   1.988E-27   3.791E-21   3.634E-22   1.531E-09   2.736E-15   1.058E-07   2.900E-05
4838.5  1.718E+02   9.216E-01   5.108E-06   2.476E-04   6.230E-05   1.137E-11   4.509E-04   3.330E-14   4.884E-09   4.448E-07   3.034E-16   1.136E-27   2.498E-21   2.394E-22   1.332E-09   2.072E-15   9.638E-08   2.901E-05
4838.7  1.495E+02   9.216E-01   4.443E-06   2.477E-04   6.230E-05   9.889E-12   4.510E-04   2.519E-14   4.249E-09   3.867E-07   2.295E-16   6.482E-28   1.644E-21   1.575E-22   1.158E-09   1.567E-15   8.793E-08   2.902E-05
4838.9  1.300E+02   9.216E-01   3.862E-06   2.477E-04   6.230E-05   8.597E-12   4.510E-04   1.903E-14   3.693E-09   3.360E-07   1.733E-16   3.686E-28   1.080E-21   1.035E-22   1.006E-09   1.184E-15   8.028E-08   2.903E-05
4839.1  1.132E+02   9.216E-01   3.361E-06   2.477E-04   6.230E-05   7.484E-12   4.511E-04   1.442E-14   3.215E-09   2.924E-07   1.312E-16   2.107E-28   7.118E-22   6.822E-23   8.749E-10   8.964E-16   7.345E-08   2.903E-05
4839.3  9.847E+01   9.216E-01   2.922E-06   2.478E-04   6.230E-05   6.508E-12   4.511E-04   1.090E-14   2.796E-09   2.541E-07   9.918E-17   1.200E-28   4.679E-22   4.485E-23   7.603E-10   6.775E-16   6.724E-08   2.904E-05
4839.4  8.568E+01   9.216E-01   2.542E-06   2.478E-04   6.230E-05   5.662E-12   4.511E-04   8.249E-15   2.432E-09   2.210E-07   7.505E-17   6.839E-29   3.080E-22   2.953E-23   6.612E-10   5.127E-16   6.164E-08   2.905E-05
4839.6  7.456E+01   9.216E-01   2.211E-06   2.478E-04   6.230E-05   4.925E-12   4.512E-04   6.241E-15   2.116E-09   1.921E-07   5.675E-17   3.896E-29   2.027E-22   1.943E-23   5.748E-10   3.878E-16   5.656E-08   2.905E-05
4839.7  6.488E+01   9.216E-01   1.924E-06   2.479E-04   6.230E-05   4.286E-12   4.512E-04   4.724E-15   1.841E-09   1.671E-07   4.294E-17   2.220E-29   1.335E-22   1.280E-23   5.000E-10   2.934E-16   5.196E-08   2.905E-05
4839.9  5.645E+01   9.216E-01   1.673E-06   2.479E-04   6.230E-05   3.727E-12   4.512E-04   3.572E-15   1.601E-09   1.453E-07   3.246E-17   1.263E-29   8.778E-23   8.418E-24   4.346E-10   2.219E-16   4.776E-08   2.906E-05
4840.0  4.912E+01   9.216E-01   1.455E-06   2.479E-04   6.230E-05   3.243E-12   4.512E-04   2.704E-15   1.393E-09   1.263E-07   2.456E-17   7.189E-30   5.779E-23   5.543E-24   3.779E-10   1.679E-16   4.395E-08   2.906E-05
4840.1  4.274E+01   9.216E-01   1.266E-06   2.479E-04   6.230E-05   2.821E-12   4.513E-04   2.046E-15   1.211E-09   1.099E-07   1.858E-17   4.091E-30   3.804E-23   3.649E-24   3.287E-10   1.270E-16   4.048E-08   2.906E-05
4840.1  3.719E+01   9.216E-01   1.102E-06   2.479E-04   6.230E-05   2.455E-12   4.513E-04   1.549E-15   1.054E-09   9.562E-08   1.407E-17   2.329E-30   2.507E-23   2.404E-24   2.860E-10   9.619E-17   3.731E-08   2.907E-05
4840.2  3.236E+01   9.216E-01   9.583E-07   2.480E-04   6.230E-05   2.136E-12   4.513E-04   1.172E-15   9.171E-10   8.316E-08   1.065E-17   1.324E-30   1.650E-23   1.583E-24   2.487E-10   7.278E-17   3.442E-08   2.907E-05
4840.3  2.816E+01   9.216E-01   8.337E-07   2.480E-04   6.230E-05   1.858E-12   4.513E-04   8.874E-16   7.979E-10   7.233E-08   8.056E-18   7.526E-31   1.087E-23   1.042E-24   2.164E-10   5.508E-17   3.177E-08   2.907E-05
4840.4  2.451E+01   9.216E-01   7.255E-07   2.480E-04   6.230E-05   1.617E-12   4.513E-04   6.719E-16   6.943E-10   6.292E-08   6.098E-18   4.279E-31   7.159E-24   6.869E-25   1.882E-10   4.170E-17   2.934E-08   2.907E-05
4840.5  2.132E+01   9.216E-01   6.309E-07   2.480E-04   6.230E-05   1.406E-12   4.513E-04   5.081E-16   6.038E-10   5.471E-08   4.611E-18   2.426E-31   4.708E-24   4.518E-25   1.636E-10   3.153E-17   2.711E-08   2.907E-05
4840.5  1.855E+01   9.216E-01   5.489E-07   2.480E-04   6.230E-05   1.223E-12   4.513E-04   3.847E-16   5.254E-10   4.760E-08   3.491E-18   1.377E-31   3.101E-24   2.976E-25   1.424E-10   2.387E-17   2.507E-08   2.907E-05
4840.6  1.615E+01   9.216E-01   4.778E-07   2.480E-04   6.231E-05   1.065E-12   4.513E-04   2.914E-16   4.573E-10   4.142E-08   2.644E-18   7.823E-32   2.045E-24   1.963E-25   1.239E-10   1.808E-17   2.320E-08   2.908E-05
4840.7  1.405E+01   9.216E-01   4.156E-07   2.480E-04   6.231E-05   9.261E-13   4.513E-04   2.205E-16   3.978E-10   3.601E-08   1.999E-18   4.429E-32   1.345E-24   1.291E-25   1.077E-10   1.368E-17   2.147E-08   2.908E-05
4840.7  1.222E+01   9.216E-01   3.614E-07   2.480E-04   6.231E-05   8.055E-13   4.513E-04   1.668E-16   3.459E-10   3.132E-08   1.512E-18   2.505E-32   8.852E-25   8.496E-26   9.370E-11   1.035E-17   1.987E-08   2.908E-05
4840.8  1.064E+01   9.216E-01   3.146E-07   2.480E-04   6.231E-05   7.012E-13   4.513E-04   1.264E-16   3.012E-10   2.726E-08   1.146E-18   1.421E-32   5.838E-25   5.605E-26   8.154E-11   7.839E-18   1.841E-08   2.908E-05
4840.8  9.256E+00   9.216E-01   2.737E-07   2.480E-04   6.231E-05   6.100E-13   4.513E-04   9.564E-17   2.620E-10   2.371E-08   8.671E-19   8.033E-33   3.844E-25   3.690E-26   7.094E-11   5.932E-18   1.706E-08   2.908E-05
4840.8  8.055E+00   9.216E-01   2.382E-07   2.480E-04   6.231E-05   5.308E-13   4.513E-04   7.243E-17   2.280E-10   2.064E-08   6.567E-19   4.544E-33   2.533E-25   2.432E-26   6.173E-11   4.493E-18   1.582E-08   2.908E-05
4840.9  7.009E+00   9.216E-01   2.072E-07   2.480E-04   6.231E-05   4.618E-13   4.513E-04   5.481E-17   1.983E-10   1.795E-08   4.968E-19   2.565E-33   1.668E-25   1.601E-26   5.369E-11   3.399E-18   1.467E-08   2.908E-05
4840.9  6.099E+00   9.216E-01   1.803E-07   2.480E-04   6.231E-05   4.018E-13   4.513E-04   4.150E-17   1.726E-10   1.562E-08   3.762E-19   1.448E-33   1.099E-25   1.055E-26   4.672E-11   2.574E-18   1.361E-08   2.908E-05
4840.9  5.307E+00   9.216E-01   1.569E-07   2.480E-04   6.231E-05   3.497E-13   4.513E-04   3.143E-17   1.502E-10   1.359E-08   2.848E-19   8.166E-34   7.239E-26   6.951E-27   4.065E-11   1.949E-18   1.263E-08   2.908E-05
4840.9  4.618E+00   9.216E-01   1.365E-07   2.480E-04   6.231E-05   3.043E-13   4.513E-04   2.380E-17   1.307E-10   1.183E-08   2.157E-19   4.602E-34   4.770E-26   4.580E-27   3.537E-11   1.476E-18   1.172E-08   2.907E-05
4840.9  4.018E+00   9.216E-01   1.188E-07   2.480E-04   6.231E-05   2.647E-13   4.514E-04   1.801E-17   1.137E-10   1.029E-08   1.633E-19   2.590E-34   3.142E-26   3.017E-27   3.078E-11   1.117E-18   1.088E-08   2.907E-05
4840.9  3.496E+00   9.216E-01   1.034E-07   2.480E-04   6.231E-05   2.303E-13   4.514E-04   1.364E-17   9.893E-11   8.953E-09   1.236E-19   1.456E-34   2.070E-26   1.987E-27   2.678E-11   8.457E-19   1.010E-08   2.907E-05
4840.9  3.042E+00   9.216E-01   8.993E-08   2.480E-04   6.231E-05   2.004E-13   4.514E-04   1.033E-17   8.608E-11   7.790E-09   9.359E-20   8.178E-35   1.363E-26   1.309E-27   2.330E-11   6.404E-19   9.385E-09   2.907E-05
4841.0  2.647E+00   9.216E-01   7.824E-08   2.480E-04   6.231E-05   1.744E-13   4.514E-04   7.814E-18   7.489E-11   6.775E-09   7.080E-20   4.585E-35   8.976E-27   8.619E-28   2.027E-11   4.845E-19   8.718E-09   2.907E-05
4841.0  2.304E+00   9.216E-01   6.810E-08   2.480E-04   6.231E-05   1.518E-13   4.514E-04   5.920E-18   6.518E-11   5.897E-09   5.364E-20   2.573E-35   5.919E-27   5.684E-28   1.764E-11   3.671E-19   8.101E-09   2.907E-05
4841.0  2.005E+00   9.216E-01   5.926E-08   2.480E-04   6.231E-05   1.321E-13   4.514E-04   4.483E-18   5.672E-11   5.132E-09   4.062E-20   1.441E-35   3.901E-27   3.746E-28   1.535E-11   2.780E-19   7.529E-09   2.907E-05
4841.0  1.744E+00   9.216E-01   5.155E-08   2.480E-04   6.231E-05   1.149E-13   4.514E-04   3.392E-18   4.934E-11   4.464E-09   3.074E-20   8.048E-36   2.567E-27   2.465E-28   1.335E-11   2.103E-19   6.997E-09   2.906E-05
4841.0  1.518E+00   9.216E-01   4.487E-08   2.480E-04   6.231E-05   9.999E-14   4.514E-04   2.570E-18   4.295E-11   3.885E-09   2.329E-20   4.501E-36   1.693E-27   1.626E-28   1.162E-11   1.594E-19   6.505E-09   2.906E-05
4841.0  1.321E+00   9.216E-01   3.904E-08   2.480E-04   6.231E-05   8.701E-14   4.514E-04   1.946E-18   3.737E-11   3.381E-09   1.763E-20   2.512E-36   1.116E-27   1.071E-28   1.011E-11   1.207E-19   6.048E-09   2.906E-05
4841.0  1.149E+00   9.216E-01   3.396E-08   2.480E-04   6.231E-05   7.568E-14   4.514E-04   1.472E-18   3.251E-11   2.941E-09   1.334E-20   1.397E-36   7.341E-28   7.050E-29   8.797E-12   9.130E-20   5.623E-09   2.906E-05
4841.0  1.000E+00   9.216E-01   2.956E-08   2.480E-04   6.231E-05   6.587E-14   4.514E-04   1.115E-18   2.829E-11   2.559E-09   1.011E-20   7.783E-37   4.840E-28   4.647E-29   7.656E-12   6.915E-20   5.229E-09   2.905E-05