# HD189733
# Kurucz model parameters: Teff = 5050 K, log(g) = 4.53 dex, [Fe/H] = 0.0 dex
# source: Bouchy+2005_A&A,444,15  # WAVELENGTH (m)     FLUX  (W m-2 sr-1 Hz-1)
# WAVELENGTH             FLUX
9.090000000000000663e-09 0.000000000000000000e+00
9.350000000000001006e-09 0.000000000000000000e+00
9.609999999999999695e-09 0.000000000000000000e+00
9.770000000000000797e-09 0.000000000000000000e+00
9.960000000000001175e-09 0.000000000000000000e+00
1.020000000000000035e-08 0.000000000000000000e+00
1.038000000000000096e-08 0.000000000000000000e+00
1.056000000000000158e-08 0.000000000000000000e+00
1.076999999999999982e-08 0.000000000000000000e+00
1.103999999999999993e-08 0.000000000000000000e+00
1.140000000000000116e-08 0.000000000000000000e+00
1.178000000000000027e-08 0.000000000000000000e+00
1.213000000000000175e-08 0.000000000000000000e+00
1.248000000000000157e-08 0.000000000000000000e+00
1.271000000000000098e-08 0.000000000000000000e+00
1.284000000000000116e-08 0.000000000000000000e+00
1.305000000000000105e-08 0.000000000000000000e+00
1.324000000000000143e-08 0.000000000000000000e+00
1.339000000000000112e-08 0.000000000000000000e+00
1.366000000000000122e-08 0.000000000000000000e+00
1.398000000000000177e-08 0.000000000000000000e+00
1.433000000000000159e-08 0.000000000000000000e+00
1.472000000000000211e-08 0.000000000000000000e+00
1.509999999999999955e-08 0.000000000000000000e+00
1.551999999999999935e-08 0.000000000000000000e+00
1.588000000000000058e-08 0.000000000000000000e+00
1.619999999999999948e-08 0.000000000000000000e+00
1.660000000000000306e-08 0.000000000000000000e+00
1.703000000000000096e-08 0.000000000000000000e+00
1.734000000000000175e-08 0.000000000000000000e+00
1.768000000000000016e-08 0.000000000000000000e+00
1.802000000000000188e-08 0.000000000000000000e+00
1.817000000000000322e-08 0.000000000000000000e+00
1.860999999999999922e-08 0.000000000000000000e+00
1.910000000000000229e-08 0.000000000000000000e+00
1.939000000000000025e-08 0.000000000000000000e+00
1.984000000000000097e-08 0.000000000000000000e+00
2.017999999999999938e-08 0.000000000000000000e+00
2.050000000000000159e-08 0.000000000000000000e+00
2.105000000000000320e-08 0.000000000000000000e+00
2.162000000000000103e-08 0.000000000000000000e+00
2.198000000000000227e-08 0.000000000000000000e+00
2.230000000000000116e-08 0.000000000000000000e+00
2.268000000000000192e-08 0.000000000000000000e+00
2.300000000000000081e-08 0.000000000000000000e+00
2.340000000000000109e-08 0.000000000000000000e+00
2.400000000000000315e-08 0.000000000000000000e+00
2.464999999999999904e-08 0.000000000000000000e+00
2.523999999999999969e-08 0.000000000000000000e+00
2.568000000000000231e-08 0.000000000000000000e+00
2.600000000000000121e-08 0.000000000000000000e+00
2.640000000000000148e-08 0.000000000000000000e+00
2.685000000000000220e-08 0.000000000000000000e+00
2.735000000000000337e-08 0.000000000000000000e+00
2.785000000000000454e-08 0.000000000000000000e+00
2.839999999999999954e-08 0.000000000000000000e+00
2.900000000000000160e-08 0.000000000000000000e+00
2.960000000000000366e-08 0.000000000000000000e+00
3.010000000000000483e-08 0.000000000000000000e+00
3.080000000000000448e-08 0.000000000000000000e+00
3.180000000000000020e-08 0.000000000000000000e+00
3.279999999999999592e-08 0.000000000000000000e+00
3.379999999999999826e-08 0.000000000000000000e+00
3.480000000000000060e-08 -1.833212416470114893e-45
3.570000000000000204e-08 5.708534369197796596e-44
3.660000000000000348e-08 4.100594029995618538e-43
3.750000000000000492e-08 2.815435516680660783e-42
3.850000000000000064e-08 2.007263850987713214e-41
3.950000000000000298e-08 1.090950794923799818e-40
4.050000000000000531e-08 6.165671088078843023e-40
4.140000000000000014e-08 2.778572371703539928e-39
4.220000000000000730e-08 9.878279030841950932e-39
4.300000000000000123e-08 3.343253077836185030e-38
4.410000000000000446e-08 1.658138792424900952e-37
4.510000000000000680e-08 6.621910229818108959e-37
4.600000000000000162e-08 2.182528738461725973e-36
4.700000000000000396e-08 7.065764600291022715e-36
4.800000000000000630e-08 2.337110341391730763e-35
4.900000000000000202e-08 7.324789705474449435e-35
5.000000000000000435e-08 2.178234605844547414e-34
5.060000000000000311e-08 6.032512216427509963e-34
5.120000000000000848e-08 1.300592751191225702e-33
5.200000000000000241e-08 2.924559028616969577e-33
5.300000000000000475e-08 7.829717166874696933e-33
5.400000000000000047e-08 1.966117823487781611e-32
5.500000000000000281e-08 3.887828667209205013e-32
5.600000000000000514e-08 8.892564004604049185e-32
5.700000000000000086e-08 1.956504884680189095e-31
5.800000000000000320e-08 4.097425465573120721e-31
5.900000000000000554e-08 8.444608993158536381e-31
6.000000000000000787e-08 1.655572932334405155e-30
6.100000000000000359e-08 3.123948489957042226e-30
6.199999999999999931e-08 5.631862164144107971e-30
6.300000000000000827e-08 9.671736970000869141e-30
6.400000000000000399e-08 1.592265325388859105e-29
6.499999999999999971e-08 5.784142077919364081e-29
6.580000000000000687e-08 9.265490752542031541e-29
6.650000000000000652e-08 1.220041154792178884e-28
6.750000000000000224e-08 2.092861138698005559e-28
6.849999999999999796e-08 3.517214692896003936e-28
6.950000000000000691e-08 5.784980270519770619e-28
7.050000000000000263e-08 9.257861379599935847e-28
7.159999999999999263e-08 1.540818524894503126e-27
7.260000000000000159e-08 2.384024625525947654e-27
7.350000000000000303e-08 3.473849840664962647e-27
7.449999999999999875e-08 5.175637872019341242e-27
7.550000000000000770e-08 7.574092919562944688e-27
7.650000000000000342e-08 1.086555266544044814e-26
7.749999999999999914e-08 1.527690403471028373e-26
7.850000000000000809e-08 2.104943022196901051e-26
7.950000000000000381e-08 2.790445420391572633e-26
8.049999999999999953e-08 3.670242178148699036e-26
8.150000000000000849e-08 4.692199999524284906e-26
8.250000000000000421e-08 5.749572569740206497e-26
8.349999999999999993e-08 6.713882521418336873e-26
8.450000000000000888e-08 7.331092216628748839e-26
8.550000000000000460e-08 7.168112629170473587e-26
8.650000000000000032e-08 5.544509796173357005e-26
8.750000000000000928e-08 1.384010158625180745e-26
8.850000000000000499e-08 -6.743641623531914213e-26
8.950000000000000071e-08 -2.116100457411424300e-25
9.050000000000000967e-08 -4.474961520765833082e-25
9.150000000000000539e-08 -1.556263886495878213e-21
9.250000000000000111e-08 -5.142388283306616493e-21
9.350000000000001006e-08 -7.278265151161525270e-21
9.450000000000000578e-08 -1.074708192125008382e-20
9.550000000000000150e-08 -1.665593727235798284e-20
9.650000000000001046e-08 -2.423835692415444268e-20
9.750000000000000618e-08 -3.316522126481531064e-20
9.850000000000000190e-08 -4.547481324971940067e-20
9.950000000000001085e-08 -6.051836275494999973e-20
1.005000000000000066e-07 -8.867318860334990670e-20
1.015000000000000023e-07 -1.209972752614895491e-19
1.025000000000000112e-07 -1.586601151035382860e-19
1.035000000000000070e-07 -2.143978225618744314e-19
1.045000000000000027e-07 -2.879423919659511219e-19
1.055000000000000116e-07 -3.815269313174799329e-19
1.065000000000000074e-07 -4.880085309408261793e-19
1.075000000000000031e-07 -6.446284351151146957e-19
1.085000000000000120e-07 -8.383368970692457787e-19
1.095000000000000078e-07 -1.052940077965034286e-18
1.105000000000000035e-07 -4.478790650337370795e-18
1.115000000000000124e-07 -1.776473445442695549e-17
1.125000000000000081e-07 -2.732719842742033361e-17
1.135000000000000039e-07 -3.926622912793076975e-17
1.145000000000000128e-07 -5.121607561233453107e-17
1.155000000000000085e-07 -5.732400078775283395e-17
1.165000000000000043e-07 -7.972270496332166353e-17
1.175000000000000132e-07 -9.307318572896818928e-17
1.185000000000000089e-07 -1.003516430033228830e-16
1.195000000000000047e-07 -3.409687113761786292e-17
1.205000000000000004e-07 -3.702601417694538617e-17
1.214999999999999961e-07 -8.448104548100922214e-18
1.225000000000000183e-07 -4.638442396112172840e-17
1.235000000000000140e-07 -1.354857964648469837e-16
1.245000000000000097e-07 -3.470388731167890629e-16
1.255000000000000054e-07 -8.376566482360866034e-16
1.265000000000000012e-07 -7.737009706250402836e-16
1.274999999999999969e-07 -1.828611088124630861e-15
1.285000000000000191e-07 -3.079412764427402525e-15
1.295000000000000148e-07 -4.089576494987816362e-15
1.305000000000000105e-07 -2.312382713458139236e-15
1.315000000000000062e-07 -6.014621232860100879e-15
1.325000000000000019e-07 -8.108343816135201248e-15
1.334999999999999977e-07 -9.120518114481468008e-15
1.345000000000000199e-07 -1.276629074734021907e-14
1.355000000000000156e-07 -1.364886509625199222e-14
1.365000000000000113e-07 -1.519954946014564575e-14
1.375000000000000070e-07 -1.709664267155295590e-14
1.385000000000000027e-07 -1.995900308812065460e-14
1.394999999999999985e-07 -2.422265731503059709e-14
1.405000000000000206e-07 -2.818419316623967082e-14
1.415000000000000164e-07 -2.941564138229028549e-14
1.425000000000000121e-07 -3.513996443685685231e-14
1.435000000000000078e-07 -3.605526404932518209e-14
1.442000000000000075e-07 -4.343841175425685065e-14
1.446999999999999921e-07 -4.816451548702451721e-14
1.454999999999999992e-07 -5.670511446013398461e-14
1.465000000000000214e-07 -5.879858716096351601e-14
1.475000000000000171e-07 -6.647532412267036403e-14
1.485000000000000129e-07 -7.724537766347472536e-14
1.495000000000000086e-07 -9.269228984618298935e-14
1.505000000000000043e-07 -1.054507409423347289e-13
1.512000000000000040e-07 -1.079105551358721390e-13
1.516999999999999886e-07 -9.398754352754499323e-14
1.525000000000000222e-07 -9.837942437688874431e-14
1.535000000000000179e-07 -1.844757324999428565e-13
1.545000000000000137e-07 -5.037721403700069419e-13
1.555000000000000094e-07 -4.574831916747931812e-13
1.565000000000000051e-07 -3.974333413175057373e-13
1.575000000000000008e-07 -6.737360524463962104e-13
1.585000000000000230e-07 -8.169961752864157962e-13
1.595000000000000187e-07 -1.186123997472542051e-12
1.605000000000000144e-07 -9.944950227864479283e-13
1.615000000000000102e-07 -8.883081301748903863e-13
1.625000000000000059e-07 -7.864454626828683604e-13
1.635000000000000016e-07 -9.023175356097601539e-13
1.644999999999999973e-07 -1.148427739631473278e-12
1.655000000000000195e-07 -6.844609965378909460e-13
1.665000000000000152e-07 -1.037751525942597115e-12
1.671999999999999884e-07 -4.446221908329427553e-13
1.676999999999999995e-07 -2.759091460756203654e-12
1.685000000000000067e-07 -4.258688558594943619e-12
1.695000000000000024e-07 -8.015937904796750368e-12
1.704999999999999981e-07 -9.930996644171759799e-12
1.715000000000000203e-07 -1.837054768158844570e-11
1.725000000000000160e-07 -2.189566030441419986e-11
1.735000000000000117e-07 -2.964342368712354702e-11
1.745000000000000075e-07 -2.404330492551858001e-11
1.755000000000000032e-07 -3.506947711449029155e-11
1.764999999999999989e-07 -2.552814584638408543e-11
1.775000000000000211e-07 -3.702393316995289767e-11
1.785000000000000168e-07 -2.917137177378078964e-11
1.795000000000000125e-07 -5.000014603620011403e-11
1.805000000000000082e-07 -3.279570852411913279e-11
1.815000000000000040e-07 -4.239549303791806878e-11
1.824999999999999997e-07 -3.234955848343340489e-11
1.835000000000000219e-07 -3.123031740948188156e-11
1.845000000000000176e-07 -3.064078137205670378e-11
1.855000000000000133e-07 -4.000228971921016246e-11
1.865000000000000090e-07 -4.859017547532136196e-11
1.875000000000000048e-07 -4.399697116734367154e-11
1.885000000000000005e-07 -4.827457165077203022e-11
1.895000000000000227e-07 -5.585438462549406592e-11
1.905000000000000184e-07 -4.739190337643627147e-11
1.915000000000000141e-07 -5.269993301961283007e-11
1.925000000000000098e-07 -5.006787028234079552e-11
1.935000000000000055e-07 -3.092159872901210981e-11
1.945000000000000013e-07 -6.272956703213081140e-11
1.955000000000000234e-07 -6.634473395104714727e-11
1.967000000000000077e-07 -7.623342490856046724e-11
1.975999999999999959e-07 -6.990364286379486526e-11
1.984000000000000296e-07 -7.401770584218663175e-11
1.995000000000000063e-07 -7.344141339702636539e-11
2.005000000000000020e-07 -6.933482112513652181e-11
2.015000000000000242e-07 -6.069385873919815749e-11
2.025000000000000200e-07 -5.822040815856008993e-11
2.035000000000000157e-07 -7.459176633683701478e-11
2.045000000000000114e-07 -8.538502452688538191e-11
2.055000000000000071e-07 -6.845607518969425824e-11
2.065000000000000028e-07 -6.740856754839689652e-11
2.074000000000000175e-07 -9.508554627929161976e-11
2.078000000000000211e-07 -1.044600850910641951e-10
2.085000000000000207e-07 -9.882385226143410479e-11
2.095000000000000165e-07 -8.838178720435604335e-11
2.105000000000000122e-07 -7.484959204402009882e-11
2.115000000000000079e-07 -7.371434074042135507e-11
2.125000000000000036e-07 -7.890285154891253544e-11
2.135000000000000258e-07 -5.290033253513925367e-11
2.145000000000000215e-07 -6.862120868641529786e-11
2.155000000000000172e-07 -7.431854145841399529e-11
2.165000000000000130e-07 -6.181372160951712067e-11
2.175000000000000087e-07 -6.640363542066824148e-11
2.185000000000000044e-07 -6.546974116433339407e-11
2.195000000000000266e-07 -7.913784655803528106e-11
2.205000000000000223e-07 -7.418507151087856841e-11
2.215000000000000180e-07 -6.126866558876103641e-11
2.225000000000000138e-07 -5.102485370642224556e-11
2.235000000000000095e-07 -7.154154111623177197e-11
2.245000000000000052e-07 -6.175754870945612074e-11
2.255000000000000009e-07 -4.892073710512796379e-11
2.265000000000000231e-07 -5.300353677379375247e-11
2.275000000000000188e-07 -6.836492784081091192e-11
2.285000000000000145e-07 -6.463062038031379627e-11
2.295000000000000103e-07 -6.219760259679214970e-11
2.305000000000000060e-07 -6.549595602283540493e-11
2.315000000000000017e-07 -5.825044737696526779e-11
2.325000000000000239e-07 -5.246472151266630076e-11
2.335000000000000196e-07 -2.129515280685953760e-11
2.345000000000000153e-07 -1.697083445789239118e-11
2.355000000000000110e-07 -3.730992182245575487e-11
2.365000000000000068e-07 -1.278047589889029857e-11
2.375000000000000025e-07 -2.572188821754660806e-11
2.385000000000000247e-07 -6.455078727742683390e-12
2.394999999999999939e-07 -1.371923973600086748e-11
2.405000000000000161e-07 -9.323483806051809613e-12
2.415000000000000383e-07 -2.880312405759902927e-11
2.425000000000000076e-07 -5.978621238320865254e-11
2.435000000000000297e-07 -5.510841420631244774e-11
2.444999999999999990e-07 -5.462898911131390272e-11
2.455000000000000212e-07 -5.158257411124508173e-11
2.464999999999999904e-07 -5.305956737390573250e-11
2.475000000000000126e-07 -4.925053993678886040e-11
2.485000000000000348e-07 -7.453884387154858334e-11
2.495000000000000041e-07 -6.323218185645301885e-11
2.505000000000000263e-07 -8.532262121330594664e-11
2.513000000000000334e-07 -6.871985793807421399e-11
2.518000000000000180e-07 -8.597922411810486193e-11
2.525000000000000177e-07 -5.921919505437059204e-11
2.535000000000000399e-07 -5.079362669366497552e-11
2.545000000000000091e-07 -4.801951494136469854e-11
2.555000000000000313e-07 -2.330587528383024931e-11
2.565000000000000006e-07 -1.748414129024868785e-12
2.575000000000000228e-07 3.681263529157010489e-11
2.584999999999999920e-07 4.846205339597355238e-11
2.595000000000000142e-07 5.108136096511174170e-11
2.605000000000000364e-07 4.598783240032460712e-11
2.615000000000000056e-07 4.120294907638722158e-11
2.625000000000000278e-07 6.847829326993619748e-11
2.634999999999999971e-07 1.866100138592987337e-10
2.645000000000000193e-07 1.951382189896463842e-10
2.655000000000000415e-07 3.806504451706479714e-10
2.665000000000000107e-07 1.909648730668011878e-10
2.675000000000000329e-07 2.005015767970739889e-10
2.685000000000000021e-07 3.055107038229459249e-10
2.695000000000000243e-07 1.545160151861230115e-10
2.704999999999999936e-07 2.490205195753913633e-10
2.715000000000000158e-07 1.539355225572325723e-10
2.725000000000000380e-07 7.419204694265252798e-11
2.735000000000000072e-07 1.136393070946183746e-10
2.745000000000000294e-07 8.731142511209661706e-11
2.754999999999999987e-07 1.266508037713353246e-10
2.765000000000000208e-07 1.674698892921032963e-10
2.775000000000000430e-07 1.180898867734287635e-10
2.785000000000000123e-07 4.885056325045564572e-11
2.795000000000000345e-07 3.401448299377094587e-11
2.805000000000000037e-07 4.109713621195062742e-11
2.815000000000000259e-07 1.006419042403227364e-10
2.824999999999999952e-07 1.587809220076023543e-10
2.835000000000000173e-07 1.164677817798890342e-10
2.845000000000000395e-07 -2.603528532083071846e-11
2.855000000000000088e-07 -9.259566518642220572e-11
2.865000000000000310e-07 4.794200950255622530e-11
2.875000000000000002e-07 2.502825357027050364e-10
2.885000000000000224e-07 2.187076782361678494e-10
2.894999999999999917e-07 4.458944547301245613e-10
2.909999999999999985e-07 6.663139870910597692e-10
2.930000000000000429e-07 6.317649201818129492e-10
2.950000000000000343e-07 6.300004333982027631e-10
2.970000000000000257e-07 6.425897011283057454e-10
2.990000000000000172e-07 6.418387450989537777e-10
3.010000000000000086e-07 6.485010228515784776e-10
3.030000000000000001e-07 7.993579584143262290e-10
3.050000000000000444e-07 8.700568117747819189e-10
3.070000000000000359e-07 9.131860448746503816e-10
3.090000000000000273e-07 7.949345188327743687e-10
3.110000000000000187e-07 1.086338518411979712e-09
3.130000000000000102e-07 1.004582079496152729e-09
3.150000000000000016e-07 1.021875938698211172e-09
3.170000000000000460e-07 1.215115548467454009e-09
3.190000000000000374e-07 1.061693088289232909e-09
3.210000000000000289e-07 1.167977066849587418e-09
3.230000000000000203e-07 9.143010343812486313e-10
3.250000000000000118e-07 1.512620063304617104e-09
3.270000000000000032e-07 1.937223991487101010e-09
3.289999999999999946e-07 1.969443091147242524e-09
3.310000000000000390e-07 1.808777897153524880e-09
3.330000000000000305e-07 1.847458601725878761e-09
3.350000000000000219e-07 1.769686342635455488e-09
3.370000000000000133e-07 1.336536903935206984e-09
3.390000000000000048e-07 1.609919748901034186e-09
3.409999999999999962e-07 1.738274978349076425e-09
3.430000000000000406e-07 1.869307277332114131e-09
3.450000000000000320e-07 1.951563260635484272e-09
3.470000000000000235e-07 2.079087927015312511e-09
3.490000000000000149e-07 2.429544370351735906e-09
3.510000000000000064e-07 2.675430728632155402e-09
3.529999999999999978e-07 2.412859161315350620e-09
3.550000000000000422e-07 3.013528261293172953e-09
3.570000000000000336e-07 1.949927129052720561e-09
3.590000000000000250e-07 1.960440272457039164e-09
3.610000000000000165e-07 2.456362798503604678e-09
3.630000000000000079e-07 2.563263165729803704e-09
3.640000000000000301e-07 2.634473184893410669e-09
3.649999999999999994e-07 3.171471039789308505e-09
3.670000000000000437e-07 3.461061458567133268e-09
3.690000000000000352e-07 3.114066480681190075e-09
3.710000000000000266e-07 3.086568555201543691e-09
3.730000000000000181e-07 1.535681785048686823e-09
3.750000000000000095e-07 1.435232270589931767e-09
3.770000000000000009e-07 2.366774309452228648e-09
3.790000000000000453e-07 2.060803362721816540e-09
3.810000000000000368e-07 1.623250562847772090e-09
3.830000000000000282e-07 1.952783082831881801e-10
3.850000000000000196e-07 7.911895759346019095e-10
3.870000000000000111e-07 6.291589597598643460e-10
3.890000000000000025e-07 2.040812681176401433e-09
3.910000000000000469e-07 1.658673070154948969e-09
3.930000000000000383e-07 5.782395829922580902e-10
3.950000000000000298e-07 1.170863416039246809e-09
3.970000000000000212e-07 1.134372785772372019e-09
3.990000000000000126e-07 2.931120965317720243e-09
4.010000000000000041e-07 3.696242019740227186e-09
4.030000000000000485e-07 3.688592211982649874e-09
4.050000000000000399e-07 3.515955686072247795e-09
4.070000000000000313e-07 3.397863073747754678e-09
4.090000000000000228e-07 4.828467899634823466e-09
4.110000000000000142e-07 4.875740459835072532e-09
4.130000000000000057e-07 4.334595907819752582e-09
4.150000000000000500e-07 4.244515944079776220e-09
4.170000000000000415e-07 4.450374646497242114e-09
4.190000000000000329e-07 4.360582203749417117e-09
4.210000000000000244e-07 4.401296437616309031e-09
4.230000000000000158e-07 3.528000504360886234e-09
4.250000000000000072e-07 4.531698642588595259e-09
4.270000000000000516e-07 4.244005837153995133e-09
4.290000000000000431e-07 3.622949104590209999e-09
4.310000000000000345e-07 3.139251122883150759e-09
4.330000000000000259e-07 5.884902024764412386e-09
4.350000000000000174e-07 6.168526874690785653e-09
4.370000000000000088e-07 6.427564590339512205e-09
4.390000000000000532e-07 5.461233316245312711e-09
4.410000000000000446e-07 6.080667941015438005e-09
4.430000000000000361e-07 6.340503904037054335e-09
4.450000000000000275e-07 6.322500277066373808e-09
4.470000000000000189e-07 7.199881573678090773e-09
4.490000000000000104e-07 7.442797612172173689e-09
4.510000000000000018e-07 8.682356365445058356e-09
4.530000000000000462e-07 7.422561048626148523e-09
4.550000000000000376e-07 8.146456835998631243e-09
4.570000000000000291e-07 8.789865840844323975e-09
4.590000000000000205e-07 8.432522704784126651e-09
4.610000000000000120e-07 8.790025517005745967e-09
4.630000000000000034e-07 8.755252778072483379e-09
4.650000000000000478e-07 8.789464705511561716e-09
4.670000000000000392e-07 9.430217553929423661e-09
4.690000000000000307e-07 9.296260811103791051e-09
4.710000000000000221e-07 8.834240076574091526e-09
4.730000000000000135e-07 9.303777530445345625e-09
4.750000000000000050e-07 9.461476729925223283e-09
4.770000000000000494e-07 9.370634941662383653e-09
4.789999999999999879e-07 9.621935402420723537e-09
4.810000000000000322e-07 9.916404256498726193e-09
4.830000000000000766e-07 1.031654549982806030e-08
4.850000000000000151e-07 1.016182043140114348e-08
4.870000000000000595e-07 9.520865360049389748e-09
4.889999999999999980e-07 1.010496858813461862e-08
4.910000000000000424e-07 1.012782882671408718e-08
4.929999999999999809e-07 9.854450368257176996e-09
4.950000000000000252e-07 1.033209623312650602e-08
4.970000000000000696e-07 1.023953405306702581e-08
4.990000000000000081e-07 9.446347909946874069e-09
5.010000000000000525e-07 8.863775642634818185e-09
5.029999999999999910e-07 9.614372386570592579e-09
5.050000000000000354e-07 9.599960089192321612e-09
5.070000000000000798e-07 9.990375339726163835e-09
5.090000000000000183e-07 9.609137047757405888e-09
5.110000000000000626e-07 9.933573526594610601e-09
5.130000000000000011e-07 9.691356576596458236e-09
5.150000000000000455e-07 9.233533981389829701e-09
5.169999999999999840e-07 7.295595252684831865e-09
5.190000000000000284e-07 7.762888529030847202e-09
5.210000000000000728e-07 9.980773045830284894e-09
5.230000000000000113e-07 1.135468108801950381e-08
5.250000000000000557e-07 1.196748728706991340e-08
5.269999999999999942e-07 1.017601392190734985e-08
5.290000000000000385e-07 1.226599493786808242e-08
5.310000000000000829e-07 1.330242536010709296e-08
5.330000000000000214e-07 1.150560309947772127e-08
5.350000000000000658e-07 1.275142114304423053e-08
5.370000000000000043e-07 1.294180691576907739e-08
5.390000000000000487e-07 1.272186882023605475e-08
5.409999999999999872e-07 1.238982614165514434e-08
5.430000000000000315e-07 1.289278870773095460e-08
5.450000000000000759e-07 1.338375668396064976e-08
5.470000000000000144e-07 1.322484836365634802e-08
5.490000000000000588e-07 1.318509706185545755e-08
5.509999999999999973e-07 1.320032185807798276e-08
5.530000000000000417e-07 1.376327839162816620e-08
5.550000000000000861e-07 1.424307096971227897e-08
5.570000000000000246e-07 1.382030418750925845e-08
5.590000000000000689e-07 1.320237282250422388e-08
5.610000000000000074e-07 1.405706115056319275e-08
5.630000000000000518e-07 1.444432463240697870e-08
5.649999999999999903e-07 1.456773343954241581e-08
5.670000000000000347e-07 1.419722031893932128e-08
5.690000000000000791e-07 1.465708118023100828e-08
5.710000000000000176e-07 1.425425885650994823e-08
5.730000000000000620e-07 1.566285439510390400e-08
5.750000000000000004e-07 1.520191157336210191e-08
5.770000000000000448e-07 1.554243449909925558e-08
5.789999999999999833e-07 1.500697084948781782e-08
5.810000000000000277e-07 1.567399851158227536e-08
5.830000000000000721e-07 1.621049348880650366e-08
5.850000000000000106e-07 1.574837927158530696e-08
5.870000000000000550e-07 1.581026161300959687e-08
5.889999999999999935e-07 1.348721707767544247e-08
5.910000000000000378e-07 1.578084955968273969e-08
5.930000000000000822e-07 1.599014841678615541e-08
5.950000000000000207e-07 1.613947781461669161e-08
5.970000000000000651e-07 1.643784699524439197e-08
5.990000000000000036e-07 1.638213275553215335e-08
6.010000000000000480e-07 1.624102374460810898e-08
6.029999999999999865e-07 1.650335514569152936e-08
6.050000000000000309e-07 1.705247423164748526e-08
6.070000000000000752e-07 1.701509260830648508e-08
6.090000000000000137e-07 1.657748402419525352e-08
6.110000000000000581e-07 1.660524620173916166e-08
6.129999999999999966e-07 1.578199007976302015e-08
6.150000000000000410e-07 1.647632689982699161e-08
6.170000000000000854e-07 1.523350005762662137e-08
6.190000000000000239e-07 1.693984241630765157e-08
6.210000000000000682e-07 1.703785124587915146e-08
6.230000000000000067e-07 1.654865282173968292e-08
6.250000000000000511e-07 1.622363761914522151e-08
6.269999999999999896e-07 1.710110068190307432e-08
6.290000000000000340e-07 1.744713657431490496e-08
6.310000000000000784e-07 1.690015929380495185e-08
6.330000000000000169e-07 1.707470380795641266e-08
6.350000000000000613e-07 1.712003433959218256e-08
6.369999999999999998e-07 1.719257668915548968e-08
6.390000000000000441e-07 1.788832654480111539e-08
6.410000000000000885e-07 1.750800444371008481e-08
6.430000000000000270e-07 1.774231661844012497e-08
6.450000000000000714e-07 1.734651993555473793e-08
6.470000000000000099e-07 1.739966503296904294e-08
6.490000000000000543e-07 1.747766886953715628e-08
6.509999999999999928e-07 1.816469623007237613e-08
6.530000000000000372e-07 1.843188617098003845e-08
6.550000000000000815e-07 1.824138320444782700e-08
6.570000000000000200e-07 1.753855546122516896e-08
6.590000000000000644e-07 1.850416833624376938e-08
6.610000000000000029e-07 1.877074792704081266e-08
6.630000000000000473e-07 1.869814599471246627e-08
6.650000000000000917e-07 1.873808469473744813e-08
6.670000000000000302e-07 1.855409356921188626e-08
6.690000000000000745e-07 1.887264619365344951e-08
6.710000000000000130e-07 1.850992662100850629e-08
6.730000000000000574e-07 1.889294218224249749e-08
6.749999999999999959e-07 1.870566481867259108e-08
6.770000000000000403e-07 1.888606406636891757e-08
6.790000000000000847e-07 1.881660422912921680e-08
6.810000000000000232e-07 1.886180602404755798e-08
6.830000000000000676e-07 1.929448184843893101e-08
6.850000000000000061e-07 1.891113154442161420e-08
6.870000000000000504e-07 1.922362080491173116e-08
6.890000000000000948e-07 1.936437877680485857e-08
6.910000000000000333e-07 1.944909103911503873e-08
6.930000000000000777e-07 1.944834061907366250e-08
6.950000000000000162e-07 1.955733782263901305e-08
6.970000000000000606e-07 1.970489605383378449e-08
6.989999999999999991e-07 1.968673654664376505e-08
7.010000000000000435e-07 1.922518942046188666e-08
7.030000000000000878e-07 1.976508218859035870e-08
7.050000000000000263e-07 1.985240153423409913e-08
7.070000000000000707e-07 1.955438108135705793e-08
7.090000000000000092e-07 1.956790325198039614e-08
7.110000000000000536e-07 1.983876756184754349e-08
7.129999999999999921e-07 1.939091546955247684e-08
7.150000000000000365e-07 1.918983959696697050e-08
7.170000000000000808e-07 1.954736314789445019e-08
7.190000000000000193e-07 1.910010315312149633e-08
7.210000000000000637e-07 1.951044159334962254e-08
7.230000000000000022e-07 1.993250789841896422e-08
7.250000000000000466e-07 2.004482583868591629e-08
7.270000000000000910e-07 2.025205994473797992e-08
7.290000000000000295e-07 1.986484141654422629e-08
7.310000000000000739e-07 2.038470879964106983e-08
7.330000000000000124e-07 2.019999926671158565e-08
7.350000000000000567e-07 2.041382744847249729e-08
7.369999999999999952e-07 2.062282793196207210e-08
7.390000000000000396e-07 2.024864624208570011e-08
7.410000000000000840e-07 2.006709266857637308e-08
7.430000000000000225e-07 2.041356494607394552e-08
7.450000000000000669e-07 2.048459427948196938e-08
7.470000000000000054e-07 2.086808218956678256e-08
7.490000000000000498e-07 2.073987245940620721e-08
7.510000000000000941e-07 2.091551362192674878e-08
7.530000000000000326e-07 2.102971686614628790e-08
7.550000000000000770e-07 2.107571688025303522e-08
7.570000000000000155e-07 2.093069508604917317e-08
7.590000000000000599e-07 2.102374207301534583e-08
7.609999999999999984e-07 2.094438587373529277e-08
7.630000000000000428e-07 2.131882438441064064e-08
7.650000000000000871e-07 2.121646961324962387e-08
7.670000000000000256e-07 2.057304015159034444e-08
7.690000000000000700e-07 2.122979904565074570e-08
7.710000000000000085e-07 2.119390310639657273e-08
7.730000000000000529e-07 2.124184489397754057e-08
7.750000000000000973e-07 2.106139390516865522e-08
7.770000000000000358e-07 2.160430861909138663e-08
7.790000000000000802e-07 2.167788851264673112e-08
7.810000000000000187e-07 2.156998848359076015e-08
7.830000000000000630e-07 2.150512284460506182e-08
7.850000000000000015e-07 2.157432328517303962e-08
7.870000000000000459e-07 2.192487259647597753e-08
7.890000000000000903e-07 2.186325532533282873e-08
7.910000000000000288e-07 2.169615141801537813e-08
7.930000000000000732e-07 2.127877997082226021e-08
7.950000000000000117e-07 2.140378080441731708e-08
7.970000000000000560e-07 2.194889092184791802e-08
7.990000000000001004e-07 2.199926536639938673e-08
8.010000000000000389e-07 2.186719501564630573e-08
8.030000000000000833e-07 2.185742002547621325e-08
8.050000000000000218e-07 2.169099417950645833e-08
8.070000000000000662e-07 2.197308841003802799e-08
8.090000000000000047e-07 2.176171499464706781e-08
8.110000000000000491e-07 2.197813378224322445e-08
8.130000000000000934e-07 2.226765475667740184e-08
8.150000000000000319e-07 2.218101099412888585e-08
8.170000000000000763e-07 2.217808025267142453e-08
8.190000000000000148e-07 2.146366819609621335e-08
8.210000000000000592e-07 2.163243625351590705e-08
8.230000000000001036e-07 2.195037297149027502e-08
8.250000000000000421e-07 2.218143333410749823e-08
8.270000000000000865e-07 2.248667242068721099e-08
8.290000000000000250e-07 2.243345725503997254e-08
8.310000000000000693e-07 2.186875782861680732e-08
8.330000000000000078e-07 2.201782606307927463e-08
8.350000000000000522e-07 2.208583049442341361e-08
8.370000000000000966e-07 2.239086824891694957e-08
8.390000000000000351e-07 2.167994469699950505e-08
8.410000000000000795e-07 2.245002024127217899e-08
8.430000000000000180e-07 2.180807129350816449e-08
8.450000000000000623e-07 2.235488545861658630e-08
8.470000000000000008e-07 2.239542102355221918e-08
8.490000000000000452e-07 2.186573572121255597e-08
8.510000000000000896e-07 2.108573943223388579e-08
8.530000000000000281e-07 2.142828625120652346e-08
8.550000000000000725e-07 1.837581720158398787e-08
8.570000000000000110e-07 2.238829414383880344e-08
8.590000000000000554e-07 2.230156993363765728e-08
8.610000000000000997e-07 2.241618709475126978e-08
8.630000000000000382e-07 2.232757808545407128e-08
8.650000000000000826e-07 2.197782552909570975e-08
8.670000000000000211e-07 1.895951182557868664e-08
8.690000000000000655e-07 2.151516664358264556e-08
8.710000000000000040e-07 2.210324092923916887e-08
8.730000000000000484e-07 2.203825673312869534e-08
8.750000000000000928e-07 2.249175769658976034e-08
8.770000000000000313e-07 2.246374689967925466e-08
8.790000000000000756e-07 2.231682824080452721e-08
8.810000000000000141e-07 2.139916496967782015e-08
8.830000000000000585e-07 2.230453642365124240e-08
8.850000000000001029e-07 2.256972326894582240e-08
8.870000000000000414e-07 2.259536452957342104e-08
8.890000000000000858e-07 2.275511281167963524e-08
8.910000000000000243e-07 2.279492832628000645e-08
8.930000000000000686e-07 2.237857265583430836e-08
8.950000000000000071e-07 2.254660561916713468e-08
8.970000000000000515e-07 2.264568440581792362e-08
8.990000000000000959e-07 2.273478106949800224e-08
9.010000000000000344e-07 2.218399955450292080e-08
9.030000000000000788e-07 2.275733983509958852e-08
9.050000000000000173e-07 2.307858183853425856e-08
9.070000000000000617e-07 2.291090396464999479e-08
9.090000000000001060e-07 2.232948874858914132e-08
9.110000000000000445e-07 2.241594176517314683e-08
9.130000000000000889e-07 2.294140351052004134e-08
9.150000000000000274e-07 2.283526726973070837e-08
9.170000000000000718e-07 2.280708969292721614e-08
9.190000000000000103e-07 2.305042300162442104e-08
9.210000000000000547e-07 2.256506974743442203e-08
9.230000000000000991e-07 2.283939765353782379e-08
9.250000000000000376e-07 2.236384176138352654e-08
9.270000000000000819e-07 2.286284715738640629e-08
9.290000000000000204e-07 2.290072344965594224e-08
9.310000000000000648e-07 2.314122127044959263e-08
9.330000000000001092e-07 2.309277743399702944e-08
9.350000000000000477e-07 2.305022514314522647e-08
9.370000000000000921e-07 2.297326183586289262e-08
9.390000000000000306e-07 2.310271769570144294e-08
9.410000000000000749e-07 2.219864324625234447e-08
9.430000000000000134e-07 2.286516335743460825e-08
9.450000000000000578e-07 2.260893053344055322e-08
9.470000000000001022e-07 2.320907312656324245e-08
9.490000000000000407e-07 2.331866849998195135e-08
9.510000000000000851e-07 2.316261364845126026e-08
9.530000000000000236e-07 2.313881863351152317e-08
9.549999999999999621e-07 2.291079094526561308e-08
9.570000000000001123e-07 2.309799608578254191e-08
9.590000000000000508e-07 2.336677919822946538e-08
9.609999999999999893e-07 2.306787533643221729e-08
9.630000000000001396e-07 2.320839180103659388e-08
9.650000000000000781e-07 2.273664328970220107e-08
9.670000000000000166e-07 2.287333641690439247e-08
9.689999999999999551e-07 2.323498907964199732e-08
9.710000000000001053e-07 2.310536300399030340e-08
9.730000000000000438e-07 2.315460003245728288e-08
9.749999999999999823e-07 2.308885352418543475e-08
9.770000000000001326e-07 2.323341631395262020e-08
9.790000000000000711e-07 2.285250971802278367e-08
9.810000000000000096e-07 2.353332342158294234e-08
9.830000000000001599e-07 2.325082985894181952e-08
9.850000000000000984e-07 2.363843021629143247e-08
9.870000000000000369e-07 2.348997361845870950e-08
9.889999999999999754e-07 2.349260363508589473e-08
9.910000000000001256e-07 2.342766898197735915e-08
9.930000000000000641e-07 2.369739935194397481e-08
9.950000000000000026e-07 2.368830975927001665e-08
9.970000000000001529e-07 2.372153574282963681e-08
9.990000000000000914e-07 2.363112275150745749e-08
1.002500000000000143e-06 2.369678271137578707e-08
1.007500000000000095e-06 2.362668579330293020e-08
1.012500000000000047e-06 2.379311145288804817e-08
1.017499999999999999e-06 2.353801240060026782e-08
1.022500000000000163e-06 2.368604128916694763e-08
1.027500000000000115e-06 2.388081363317091934e-08
1.032500000000000067e-06 2.366559311659923448e-08
1.037500000000000019e-06 2.371844392073354865e-08
1.042499999999999971e-06 2.392956124924855585e-08
1.047500000000000135e-06 2.375820278864296423e-08
1.052500000000000087e-06 2.400931706201370927e-08
1.057500000000000039e-06 2.382006624759277173e-08
1.062499999999999992e-06 2.383350598484717439e-08
1.067500000000000156e-06 2.359200475691594241e-08
1.072500000000000108e-06 2.379796583307275688e-08
1.077500000000000060e-06 2.367601231557492949e-08
1.082500000000000012e-06 2.313587818953556677e-08
1.087499999999999964e-06 2.353389647257038245e-08
1.092500000000000128e-06 2.388118592268781250e-08
1.097500000000000080e-06 2.340050110149284629e-08
1.102500000000000032e-06 2.380822511748226815e-08
1.107499999999999984e-06 2.409771392274114213e-08
1.112500000000000148e-06 2.402792042863938792e-08
1.117500000000000100e-06 2.402367496922553565e-08
1.122500000000000052e-06 2.416993641964110945e-08
1.127500000000000005e-06 2.385386956118416711e-08
1.132500000000000168e-06 2.409622114657444295e-08
1.137500000000000121e-06 2.400821176868437501e-08
1.142500000000000073e-06 2.390189960192622139e-08
1.147500000000000025e-06 2.435320859305745335e-08
1.152499999999999977e-06 2.438128736168647703e-08
1.157500000000000141e-06 2.426653756213158522e-08
1.162500000000000093e-06 2.406141786668628557e-08
1.167500000000000045e-06 2.428646338597832449e-08
1.172499999999999997e-06 2.456127312966467876e-08
1.177500000000000161e-06 2.428447996013276818e-08
1.182500000000000113e-06 2.387614228285769979e-08
1.187500000000000065e-06 2.416175714897122496e-08
1.192500000000000018e-06 2.471738114675604296e-08
1.197499999999999970e-06 2.364365898152548713e-08
1.202500000000000134e-06 2.424031255631739692e-08
1.207500000000000086e-06 2.404752252198489532e-08
1.212500000000000038e-06 2.447128256539789874e-08
1.217499999999999990e-06 2.479628153874332792e-08
1.222500000000000154e-06 2.482779442372593517e-08
1.227500000000000106e-06 2.465723824731036041e-08
1.232500000000000058e-06 2.479903292099855373e-08
1.237500000000000010e-06 2.478584631624511589e-08
1.242500000000000174e-06 2.460225245650713816e-08
1.247500000000000126e-06 2.492720536442829694e-08
1.252500000000000078e-06 2.481508960401605746e-08
1.257500000000000030e-06 2.494081909050274072e-08
1.262499999999999983e-06 2.493356821181225640e-08
1.267500000000000146e-06 2.480145355553079396e-08
1.272500000000000099e-06 2.496616360545370027e-08
1.277500000000000051e-06 2.507786138475076671e-08
1.282500000000000003e-06 2.404748706438654105e-08
1.287500000000000167e-06 2.490779043202558430e-08
1.292500000000000119e-06 2.481030650206782770e-08
1.297500000000000071e-06 2.515093952887646516e-08
1.302500000000000023e-06 2.494625745300253065e-08
1.307500000000000187e-06 2.519333401037996518e-08
1.312500000000000139e-06 2.473087537737742904e-08
1.317500000000000091e-06 2.487270707136706506e-08
1.322500000000000043e-06 2.527219917537012507e-08
1.327499999999999996e-06 2.496151607246859865e-08
1.332500000000000159e-06 2.518765358583764126e-08
1.337500000000000112e-06 2.535037685394989384e-08
1.342500000000000064e-06 2.551755686737127837e-08
1.347500000000000016e-06 2.549362027780668419e-08
1.352500000000000180e-06 2.560411888994315005e-08
1.357500000000000132e-06 2.537931940595043066e-08
1.362500000000000084e-06 2.541065708614462539e-08
1.367500000000000036e-06 2.549175147173058915e-08
1.372499999999999988e-06 2.568099212915840041e-08
1.377500000000000152e-06 2.562250289866342427e-08
1.382500000000000104e-06 2.574381856608422228e-08
1.387500000000000056e-06 2.573404694349703848e-08
1.392500000000000008e-06 2.563915848160547656e-08
1.397500000000000172e-06 2.570762098226934314e-08
1.402500000000000124e-06 2.560307402299391849e-08
1.407500000000000077e-06 2.584782257608514368e-08
1.412500000000000029e-06 2.561280059725495325e-08
1.417500000000000193e-06 2.598825581896498463e-08
1.422500000000000145e-06 2.561697702454452960e-08
1.427500000000000097e-06 2.502675033507816669e-08
1.432500000000000049e-06 2.585711204550756357e-08
1.437500000000000001e-06 2.607867798942523840e-08
1.442500000000000165e-06 2.550174758589917578e-08
1.447500000000000117e-06 2.607535512695351409e-08
1.452500000000000069e-06 2.583592123179927970e-08
1.457000000000000196e-06 2.596233143573958334e-08
1.462000000000000148e-06 2.584099613594816430e-08
1.467500000000000137e-06 2.600509719733539794e-08
1.472500000000000090e-06 2.570274426215705093e-08
1.477500000000000042e-06 2.592684980972695538e-08
1.482499999999999994e-06 2.608173333088252106e-08
1.487500000000000158e-06 2.486666094399634351e-08
1.492500000000000110e-06 2.638934658743598038e-08
1.497500000000000062e-06 2.629170695294577198e-08
1.502500000000000014e-06 2.439209644126475381e-08
1.507500000000000178e-06 2.543995239190672216e-08
1.512500000000000130e-06 2.625161244641702628e-08
1.517500000000000082e-06 2.655544848207934470e-08
1.522500000000000034e-06 2.612948515310034925e-08
1.527500000000000198e-06 2.654891639439193864e-08
1.532500000000000150e-06 2.649258089286009605e-08
1.537500000000000102e-06 2.642350401081244799e-08
1.542500000000000055e-06 2.648677481016313000e-08
1.547500000000000007e-06 2.670665856341287760e-08
1.552500000000000171e-06 2.631690167130613698e-08
1.557500000000000123e-06 2.645494695656851530e-08
1.562500000000000075e-06 2.676225387245838778e-08
1.567500000000000027e-06 2.621472646969127583e-08
1.572500000000000191e-06 2.631867259500669824e-08
1.577500000000000143e-06 2.481881417355752969e-08
1.582500000000000095e-06 2.615013136920852407e-08
1.587500000000000047e-06 2.526979840546156510e-08
1.592499999999999999e-06 2.604955136037371847e-08
1.597500000000000163e-06 2.609536373107302800e-08
1.605000000000000091e-06 2.626504794536587464e-08
1.614999999999999996e-06 2.594671967691013893e-08
1.625000000000000112e-06 2.615075053732691748e-08
1.635000000000000016e-06 2.594511636353969088e-08
1.645000000000000132e-06 2.582974619889708916e-08
1.655000000000000036e-06 2.601797048946016784e-08
1.665000000000000152e-06 2.568572347717970690e-08
1.675000000000000057e-06 2.518546725698905190e-08
1.685000000000000173e-06 2.497861523421340903e-08
1.695000000000000077e-06 2.533663508278301804e-08
1.705000000000000193e-06 2.480889494414369636e-08
1.715000000000000097e-06 2.440365465962839022e-08
1.725000000000000213e-06 2.428064621802484843e-08
1.735000000000000117e-06 2.365648627365159563e-08
1.745000000000000022e-06 2.384885294915000173e-08
1.755000000000000138e-06 2.397514087393325078e-08
1.765000000000000042e-06 2.379396144885550923e-08
1.775000000000000158e-06 2.351563650440565844e-08
1.785000000000000062e-06 2.355976128076459203e-08
1.795000000000000178e-06 2.340777412364276348e-08
1.805000000000000082e-06 2.301632382232955179e-08
1.815000000000000198e-06 2.257528751517476662e-08
1.825000000000000103e-06 2.244130009830937546e-08
1.835000000000000219e-06 2.237313910911317874e-08
1.845000000000000123e-06 2.193769605017133312e-08
1.855000000000000027e-06 2.204344716827301234e-08
1.865000000000000143e-06 2.171781060229023696e-08
1.875000000000000048e-06 2.092912469378981256e-08
1.885000000000000164e-06 2.143282474295348358e-08
1.895000000000000068e-06 2.066032005767087727e-08
1.905000000000000184e-06 2.111953394730399606e-08
1.915000000000000300e-06 2.085794926474493954e-08
1.925000000000000204e-06 2.079212019441853307e-08
1.935000000000000108e-06 2.029839718282967112e-08
1.945000000000000013e-06 1.965808070866823143e-08
1.954999999999999917e-06 2.018406926897398505e-08
1.965000000000000245e-06 2.006684965432424167e-08
1.975000000000000149e-06 1.946863853382916191e-08
1.985000000000000053e-06 1.961282371323445310e-08
1.994999999999999957e-06 1.945944823339712574e-08
2.005000000000000285e-06 1.960904626301324124e-08
2.015000000000000189e-06 1.956611558011022224e-08
2.025000000000000094e-06 1.916569319858041166e-08
2.034999999999999998e-06 1.888213211463846709e-08
2.045000000000000326e-06 1.909029931886259192e-08
2.055000000000000230e-06 1.876003039383821945e-08
2.065000000000000134e-06 1.849356067111393711e-08
2.075000000000000038e-06 1.854358651507406239e-08
2.084999999999999943e-06 1.828280932837020663e-08
2.095000000000000270e-06 1.798728943990170760e-08
2.105000000000000175e-06 1.816270988286567864e-08
2.115000000000000079e-06 1.795665079948997478e-08
2.124999999999999983e-06 1.776637909786840037e-08
2.135000000000000311e-06 1.771681259641521321e-08
2.145000000000000215e-06 1.761750147846253717e-08
2.155000000000000120e-06 1.744064780699307823e-08
2.165000000000000024e-06 1.692467652452660541e-08
2.174999999999999928e-06 1.691903259118713301e-08
2.185000000000000256e-06 1.688307610026983208e-08
2.195000000000000160e-06 1.692098355566468536e-08
2.205000000000000064e-06 1.649405702598587593e-08
2.214999999999999969e-06 1.669408820673415557e-08
2.225000000000000296e-06 1.638481479233411162e-08
2.235000000000000201e-06 1.630286550308806270e-08
2.245000000000000105e-06 1.621382839751615896e-08
2.255000000000000009e-06 1.607495913246980552e-08
2.265000000000000337e-06 1.581021462955205925e-08
2.275000000000000241e-06 1.591039172429283444e-08
2.285000000000000145e-06 1.553641941024826715e-08
2.295000000000000050e-06 1.503225120721647508e-08
2.304999999999999954e-06 1.529203722228741297e-08
2.315000000000000282e-06 1.522313950033067689e-08
2.325000000000000186e-06 1.451960904164438950e-08
2.335000000000000090e-06 1.473026748953362030e-08
2.344999999999999994e-06 1.484572730504242699e-08
2.355000000000000322e-06 1.411554564628862131e-08
2.365000000000000226e-06 1.451348924154217943e-08
2.375000000000000131e-06 1.424660264995247353e-08
2.385000000000000035e-06 1.372492197741699363e-08
2.394999999999999939e-06 1.415126635376139224e-08
2.405000000000000267e-06 1.417046136130269464e-08
2.415000000000000171e-06 1.352707416764046924e-08
2.425000000000000076e-06 1.378343987090406556e-08
2.434999999999999980e-06 1.382189852035204314e-08
2.445000000000000308e-06 1.350104107795227117e-08
2.455000000000000212e-06 1.320991194173307893e-08
2.465000000000000116e-06 1.356416569125016763e-08
2.475000000000000020e-06 1.325773326492677078e-08
2.485000000000000348e-06 1.290649077486783681e-08
2.495000000000000252e-06 1.325772594430953984e-08
2.505000000000000157e-06 1.313310694123114540e-08
2.515000000000000061e-06 1.290516572088980808e-08
2.524999999999999965e-06 1.291434313809013945e-08
2.535000000000000293e-06 1.288348754121944407e-08
2.545000000000000197e-06 1.264943976727798157e-08
2.555000000000000101e-06 1.268758461217389579e-08
2.565000000000000006e-06 1.264250007734983002e-08
2.575000000000000333e-06 1.269297650116786721e-08
2.585000000000000238e-06 1.229576560232288805e-08
2.595000000000000142e-06 1.246469445622952084e-08
2.605000000000000046e-06 1.245092243056179762e-08
2.615000000000000374e-06 1.242191190585136518e-08
2.625000000000000278e-06 1.204615540559130158e-08
2.635000000000000183e-06 1.214413977214840954e-08
2.645000000000000087e-06 1.202270464026877647e-08
2.654999999999999991e-06 1.186680500715045067e-08
2.665000000000000319e-06 1.184024213114075095e-08
2.675000000000000223e-06 1.197566682746899277e-08
2.685000000000000127e-06 1.191357374547618459e-08
2.695000000000000032e-06 1.178808405671150913e-08
2.705000000000000359e-06 1.174790126892021250e-08
2.715000000000000264e-06 1.164814238438533164e-08
2.725000000000000168e-06 1.160788877637680836e-08
2.735000000000000072e-06 1.152784370752021546e-08
2.744999999999999976e-06 1.150610071858479582e-08
2.755000000000000304e-06 1.138624000659669318e-08
2.765000000000000208e-06 1.132556252885702067e-08
2.775000000000000113e-06 1.125103750413062367e-08
2.785000000000000017e-06 1.117396180592560996e-08
2.795000000000000345e-06 1.110909517124648820e-08
2.805000000000000249e-06 1.098026839651237418e-08
2.815000000000000153e-06 1.097348447648287863e-08
2.825000000000000057e-06 1.092885022570131063e-08
2.835000000000000385e-06 1.089216520443086135e-08
2.845000000000000289e-06 1.079970900767079884e-08
2.855000000000000194e-06 1.072484428676830816e-08
2.865000000000000098e-06 1.069452678292070775e-08
2.875000000000000002e-06 1.060547263724769295e-08
2.885000000000000330e-06 1.055624817289667787e-08
2.895000000000000234e-06 1.051414043462875909e-08
2.905000000000000139e-06 1.040987169805069499e-08
2.915000000000000043e-06 1.042600290731851467e-08
2.925000000000000371e-06 1.013171997106394277e-08
2.935000000000000275e-06 1.023219160313813475e-08
2.945000000000000179e-06 1.008815378710143369e-08
2.955000000000000083e-06 1.014267615240565834e-08
2.964999999999999988e-06 1.000052737735647295e-08
2.975000000000000315e-06 1.002075674778085995e-08
2.985000000000000220e-06 9.930866271395283898e-09
2.995000000000000124e-06 9.890547067920428969e-09
3.005000000000000028e-06 9.751602225288409340e-09
3.015000000000000356e-06 9.816689065052985275e-09
3.025000000000000260e-06 9.689688203426664458e-09
3.035000000000000164e-06 9.652913703650832208e-09
3.045000000000000069e-06 9.534544638097681904e-09
3.055000000000000396e-06 9.576492712829332159e-09
3.065000000000000301e-06 9.480871330787777541e-09
3.075000000000000205e-06 9.460629028151858330e-09
3.085000000000000109e-06 9.327641452505468768e-09
3.095000000000000013e-06 9.298396996481265430e-09
3.105000000000000341e-06 9.323319728656771859e-09
3.115000000000000245e-06 9.104067199737497451e-09
3.125000000000000150e-06 9.208375708487923061e-09
3.135000000000000054e-06 9.074236634597052498e-09
3.145000000000000382e-06 9.098976937504708313e-09
3.155000000000000286e-06 9.000562949895999717e-09
3.165000000000000190e-06 8.985935106098767274e-09
3.175000000000000095e-06 8.919762640925967063e-09
3.184999999999999999e-06 8.871822614440473778e-09
3.195000000000000327e-06 8.847327232333973806e-09
3.210000000000000183e-06 8.788001501599750257e-09
3.229999999999999991e-06 8.643104380721915815e-09
3.250000000000000224e-06 8.593330297838365954e-09
3.270000000000000032e-06 8.499899066170970786e-09
3.290000000000000264e-06 8.350917014542632386e-09
3.310000000000000073e-06 8.294447080639369516e-09
3.330000000000000305e-06 8.168860317822375936e-09
3.350000000000000113e-06 8.132571508192684472e-09
3.370000000000000345e-06 8.057236307774427223e-09
3.390000000000000154e-06 7.902315083019705614e-09
3.410000000000000386e-06 7.853810569568408640e-09
3.430000000000000194e-06 7.830359448189606938e-09
3.450000000000000426e-06 7.699439333097303927e-09
3.470000000000000235e-06 7.652734508286374935e-09
3.490000000000000043e-06 7.584032284136625339e-09
3.510000000000000275e-06 7.475325954400092582e-09
3.530000000000000084e-06 7.387445074924601085e-09
3.550000000000000316e-06 7.348704629144675202e-09
3.570000000000000124e-06 7.230095387059892414e-09
3.590000000000000356e-06 7.158951397881599558e-09
3.610000000000000165e-06 7.142563986630756863e-09
3.630000000000000397e-06 7.035797746039270783e-09
3.650000000000000205e-06 6.920144791913853664e-09
3.670000000000000437e-06 6.857784398844707472e-09
3.690000000000000246e-06 6.771194380196410038e-09
3.710000000000000054e-06 6.698578518608440121e-09
3.730000000000000286e-06 6.662679795630012610e-09
3.750000000000000095e-06 6.546827636960220909e-09
3.770000000000000327e-06 6.521208180597893408e-09
3.790000000000000136e-06 6.482647912115113379e-09
3.810000000000000368e-06 6.393329758187416135e-09
3.830000000000000600e-06 6.364797318065658648e-09
3.850000000000000408e-06 6.299566796805056455e-09
3.870000000000000217e-06 6.231574842358225205e-09
3.890000000000000025e-06 6.145712702571436001e-09
3.909999999999999834e-06 6.137835743655620513e-09
3.930000000000000489e-06 6.065492569097152609e-09
3.950000000000000298e-06 5.974792117449937143e-09
3.970000000000000106e-06 5.958352320534786122e-09
3.989999999999999915e-06 5.846503933124101896e-09
4.010000000000000570e-06 5.827245792652947490e-09
4.030000000000000379e-06 5.802690577298198211e-09
4.050000000000000187e-06 5.706922360399900616e-09
4.069999999999999996e-06 5.658261556932522895e-09
4.090000000000000651e-06 5.637880355073752669e-09
4.110000000000000460e-06 5.583143114955549936e-09
4.130000000000000268e-06 5.544004210658226721e-09
4.150000000000000077e-06 5.477050321475354379e-09
4.169999999999999885e-06 5.442395549561815517e-09
4.190000000000000541e-06 5.397363282188009966e-09
4.210000000000000349e-06 5.283963974559140078e-09
4.230000000000000158e-06 5.319489779935596186e-09
4.249999999999999966e-06 5.255048809658166203e-09
4.270000000000000622e-06 5.222640905281412085e-09
4.290000000000000431e-06 5.058952546330528963e-09
4.310000000000000239e-06 4.918498311452162345e-09
4.330000000000000048e-06 4.938592744965737899e-09
4.349999999999999856e-06 4.766692268532122288e-09
4.370000000000000512e-06 4.711409820931311477e-09
4.390000000000000320e-06 4.696766409654518544e-09
4.410000000000000129e-06 4.512247982704237990e-09
4.429999999999999937e-06 4.529064155028326876e-09
4.450000000000000593e-06 4.500157739380495242e-09
4.470000000000000401e-06 4.361675391825933907e-09
4.490000000000000210e-06 4.394504995096633817e-09
4.510000000000000018e-06 4.333868029461672263e-09
4.530000000000000674e-06 4.234085142136856574e-09
4.550000000000000482e-06 4.257033789018291151e-09
4.570000000000000291e-06 4.251045584130931991e-09
4.590000000000000099e-06 4.128534248736444930e-09
4.609999999999999908e-06 4.161864617052738771e-09
4.630000000000000563e-06 4.126581986405951943e-09
4.650000000000000372e-06 4.103003677665230869e-09
4.670000000000000180e-06 4.101668216832945355e-09
4.689999999999999989e-06 4.074284120140872030e-09
4.710000000000000644e-06 4.031901866918903552e-09
4.730000000000000453e-06 4.049470720482361667e-09
4.750000000000000262e-06 4.002319155539004896e-09
4.770000000000000070e-06 3.975243259875660341e-09
4.789999999999999879e-06 3.952862582576421369e-09
4.810000000000000534e-06 3.899353176139520249e-09
4.830000000000000343e-06 3.928684705978255529e-09
4.850000000000000151e-06 3.882491880677995694e-09
4.869999999999999960e-06 3.839571206998798094e-09
4.890000000000000615e-06 3.824018895136413182e-09
4.910000000000000424e-06 3.799284658518074719e-09
4.930000000000000232e-06 3.769564726907903472e-09
4.950000000000000041e-06 3.737306121613821388e-09
4.970000000000000696e-06 3.724666636971346890e-09
4.990000000000000505e-06 3.707098402332922355e-09
5.010000000000000313e-06 3.654787576505309072e-09
5.030000000000000122e-06 3.666522673111178872e-09
5.049999999999999930e-06 3.616165937372531138e-09
5.070000000000000586e-06 3.603753497079171044e-09
5.090000000000000394e-06 3.588787669569078329e-09
5.110000000000000203e-06 3.544761853716162503e-09
5.130000000000000011e-06 3.544182294004064249e-09
5.150000000000000667e-06 3.513781145937748885e-09
5.170000000000000475e-06 3.515422627504690750e-09
5.190000000000000284e-06 3.472390139877933002e-09
5.210000000000000092e-06 3.448875147401328033e-09
5.230000000000000748e-06 3.422974737791421396e-09
5.250000000000000557e-06 3.418639249610772089e-09
5.270000000000000365e-06 3.415430365132713617e-09
5.290000000000000174e-06 3.358737512796275993e-09
5.309999999999999982e-06 3.345816791079581440e-09
5.330000000000000638e-06 3.325674347467376756e-09
5.350000000000000446e-06 3.314789850673735548e-09
5.370000000000000255e-06 3.283930244249727339e-09
5.390000000000000063e-06 3.280026100349681393e-09
5.410000000000000719e-06 3.261201031298273316e-09
5.430000000000000527e-06 3.217535325624209717e-09
5.450000000000000336e-06 3.221179171990825687e-09
5.470000000000000144e-06 3.194965312414392323e-09
5.489999999999999953e-06 3.174748080928575327e-09
5.510000000000000608e-06 3.160232152449930942e-09
5.530000000000000417e-06 3.167459996097122132e-09
5.550000000000000225e-06 3.115114018207852952e-09
5.570000000000000034e-06 3.121475678952973441e-09
5.590000000000000689e-06 3.078002639676876053e-09
5.610000000000000498e-06 3.073527409247575500e-09
5.630000000000000306e-06 3.045604658955470635e-09
5.650000000000000115e-06 3.046867837503465658e-09
5.670000000000000770e-06 3.028610522381714981e-09
5.690000000000000579e-06 2.991323866473344450e-09
5.710000000000000387e-06 2.996289127272676179e-09
5.730000000000000196e-06 2.975382013807830180e-09
5.750000000000000004e-06 2.956854560256939489e-09
5.770000000000000660e-06 2.935484478076743845e-09
5.790000000000000469e-06 2.926762774270519332e-09
5.810000000000000277e-06 2.902450760746543444e-09
5.830000000000000086e-06 2.886877168943195983e-09
5.850000000000000741e-06 2.876336838683812958e-09
5.870000000000000550e-06 2.850974515120620388e-09
5.890000000000000358e-06 2.826806963851077258e-09
5.910000000000000167e-06 2.825828335830346727e-09
5.929999999999999975e-06 2.806938622337587887e-09
5.950000000000000631e-06 2.786089145500608113e-09
5.970000000000000439e-06 2.778626888627267252e-09
5.990000000000000248e-06 2.762017789568160663e-09
6.010000000000000056e-06 2.740884273505447038e-09
6.030000000000000712e-06 2.728570653706420568e-09
6.050000000000000520e-06 2.710338508288657353e-09
6.070000000000000329e-06 2.691570591469637302e-09
6.090000000000000137e-06 2.671514669807999314e-09
6.110000000000000793e-06 2.653160623198509565e-09
6.130000000000000601e-06 2.645227712726960027e-09
6.150000000000000410e-06 2.634116724949766758e-09
6.170000000000000218e-06 2.618402528298642793e-09
6.190000000000000027e-06 2.604191688974600195e-09
6.210000000000000682e-06 2.591171648888891675e-09
6.230000000000000491e-06 2.564330209221126197e-09
6.250000000000000300e-06 2.552938618083197249e-09
6.270000000000000108e-06 2.542131797452415177e-09
6.290000000000000764e-06 2.533445118239227313e-09
6.310000000000000572e-06 2.505791422296313771e-09
6.330000000000000381e-06 2.505440328359379078e-09
6.350000000000000189e-06 2.487935758953130273e-09
6.369999999999999998e-06 2.473791662670916926e-09
6.390000000000000653e-06 2.458147842401814995e-09
6.420000000000000366e-06 2.440781945096657091e-09
6.459999999999999983e-06 2.406774882738838205e-09
6.500000000000000447e-06 2.377980405289005881e-09
6.540000000000000064e-06 2.356467751812013513e-09
6.580000000000000528e-06 2.328780376658825118e-09
6.620000000000000145e-06 2.300404532953650782e-09
6.660000000000000609e-06 2.278385340740933748e-09
6.700000000000000226e-06 2.249268917283908387e-09
6.740000000000000690e-06 2.223631444829725107e-09
6.780000000000000307e-06 2.201826125570125594e-09
6.820000000000000771e-06 2.174563347796836511e-09
6.860000000000000388e-06 2.153952872499025702e-09
6.900000000000000852e-06 2.130217822181622194e-09
6.940000000000000469e-06 2.104714176936417356e-09
6.980000000000000086e-06 2.085525042016359620e-09
7.020000000000000551e-06 2.056910300682825370e-09
7.060000000000000168e-06 2.039682188299022357e-09
7.100000000000000632e-06 2.019262109795146245e-09
7.140000000000000249e-06 1.997190980665067305e-09
7.180000000000000713e-06 1.975976957910610984e-09
7.220000000000000330e-06 1.954215293972332033e-09
7.260000000000000794e-06 1.933827742631348376e-09
7.300000000000000411e-06 1.916816253840448673e-09
7.340000000000000875e-06 1.893459527003003427e-09
7.380000000000000492e-06 1.876002580206332397e-09
7.420000000000000109e-06 1.853975960725217198e-09
7.460000000000000573e-06 1.835196165598848167e-09
7.500000000000000190e-06 1.821022972312449349e-09
7.540000000000000654e-06 1.798158944244533959e-09
7.580000000000000271e-06 1.775144849221592468e-09
7.620000000000000735e-06 1.755207008941464931e-09
7.660000000000001199e-06 1.734385693898691730e-09
7.700000000000000816e-06 1.713249636200997987e-09
7.740000000000000433e-06 1.694284316163550875e-09
7.780000000000000050e-06 1.677103863759585059e-09
7.819999999999999667e-06 1.658272060634689044e-09
7.860000000000000978e-06 1.640102946242936830e-09
7.900000000000000595e-06 1.624848228121454634e-09
7.940000000000000212e-06 1.606766158913310993e-09
7.979999999999999829e-06 1.591944239033747840e-09
8.020000000000001141e-06 1.575346598472357153e-09
8.060000000000000758e-06 1.560704219776899647e-09
8.100000000000000375e-06 1.548547535563670930e-09
8.139999999999999992e-06 1.533648904663203235e-09
8.180000000000001303e-06 1.520718540442185327e-09
8.220000000000000920e-06 1.508486943962277693e-09
8.260000000000000537e-06 1.495203747161031478e-09
8.300000000000000154e-06 1.481143484413906998e-09
8.339999999999999771e-06 1.466812051779579884e-09
8.380000000000001082e-06 1.454371929252450751e-09
8.420000000000000699e-06 1.441838038312173748e-09
8.460000000000000316e-06 1.428687303675833398e-09
8.499999999999999933e-06 1.416371321562560956e-09
8.540000000000001244e-06 1.403895977123144786e-09
8.580000000000000861e-06 1.391437033234688244e-09
8.620000000000000478e-06 1.379203301233372379e-09
8.660000000000000095e-06 1.367508230539311358e-09
8.699999999999999712e-06 1.355429114286072438e-09
8.740000000000001023e-06 1.345051127889109824e-09
8.780000000000000640e-06 1.331703831968058681e-09
8.820000000000000257e-06 1.318196828181398756e-09
8.859999999999999874e-06 1.307770677691177665e-09
8.900000000000001185e-06 1.296550660410799066e-09
8.940000000000000802e-06 1.286228849409688614e-09
8.980000000000000419e-06 1.273512127144607739e-09
9.020000000000000037e-06 1.264466856813816861e-09
9.060000000000001348e-06 1.255787540131185328e-09
9.100000000000000965e-06 1.243386538267320568e-09
9.140000000000000582e-06 1.231924198920277131e-09
9.180000000000000199e-06 1.223403970607788365e-09
9.219999999999999816e-06 1.213081478852048557e-09
9.260000000000001127e-06 1.204231090045259377e-09
9.300000000000000744e-06 1.194408993573456086e-09
9.340000000000000361e-06 1.183601684352965559e-09
9.379999999999999978e-06 1.174364411966430275e-09
9.420000000000001289e-06 1.165899312045528013e-09
9.460000000000000906e-06 1.154380736132556634e-09
9.500000000000000523e-06 1.147415953472711529e-09
9.540000000000000140e-06 1.138359688913882130e-09
9.579999999999999757e-06 1.127407869478644770e-09
9.620000000000001068e-06 1.120516725982047398e-09
9.660000000000000685e-06 1.109645995359685049e-09
9.700000000000000302e-06 1.103082493238124247e-09
9.739999999999999919e-06 1.092503833680842059e-09
9.780000000000001230e-06 1.082811235727183500e-09
9.820000000000000847e-06 1.077229183130088535e-09
9.860000000000000464e-06 1.069181810025724925e-09
9.900000000000000081e-06 1.059811695987414892e-09
9.940000000000001392e-06 1.050463647073587437e-09
9.980000000000001010e-06 1.044753102287813338e-09
1.002000000000000063e-05 1.036723994449513810e-09
