9.969354e+00	8.186669e+04
9.908249e+00	8.204323e+04
9.847518e+00	8.192590e+04
9.787160e+00	8.186148e+04
9.727172e+00	8.190018e+04
9.667552e+00	8.198549e+04
9.608297e+00	8.202228e+04
9.549405e+00	8.189291e+04
9.490874e+00	8.198688e+04
9.432702e+00	8.201901e+04
9.374886e+00	8.193977e+04
9.317425e+00	8.201166e+04
9.260316e+00	8.202838e+04
9.203557e+00	8.196617e+04
9.147146e+00	8.203833e+04
9.091080e+00	8.204784e+04
9.035359e+00	8.202349e+04
8.979979e+00	8.208014e+04
8.924938e+00	8.207137e+04
8.870235e+00	8.198558e+04
8.815866e+00	8.209120e+04
8.761832e+00	8.212018e+04
8.708128e+00	8.201118e+04
8.654753e+00	8.209492e+04
8.601706e+00	8.206189e+04
8.548984e+00	8.210642e+04
8.496585e+00	8.218605e+04
8.444507e+00	8.208894e+04
8.392748e+00	8.211888e+04
8.341307e+00	8.221698e+04
8.290181e+00	8.216373e+04
8.239368e+00	8.217843e+04
8.188867e+00	8.227939e+04
8.138675e+00	8.224623e+04
8.088791e+00	8.219399e+04
8.039212e+00	8.227499e+04
7.989938e+00	8.222657e+04
7.940965e+00	8.221344e+04
7.892293e+00	8.231868e+04
7.843919e+00	8.222183e+04
7.795842e+00	8.229208e+04
7.748059e+00	8.233182e+04
7.700569e+00	8.235334e+04
7.653370e+00	8.238828e+04
7.606460e+00	8.231717e+04
7.559838e+00	8.228727e+04
7.513502e+00	8.230010e+04
7.467450e+00	8.235745e+04
7.421680e+00	8.232780e+04
7.376190e+00	8.230196e+04
7.330979e+00	8.232157e+04
7.286046e+00	8.227609e+04
7.241388e+00	8.229288e+04
7.197003e+00	8.223036e+04
7.152891e+00	8.231398e+04
7.109049e+00	8.227151e+04
7.065476e+00	8.236407e+04
7.022169e+00	8.236036e+04
6.979129e+00	8.231173e+04
6.936352e+00	8.230002e+04
6.893837e+00	8.224458e+04
6.851583e+00	8.230096e+04
6.809587e+00	8.231587e+04
6.767850e+00	8.238732e+04
6.726368e+00	8.240152e+04
6.685140e+00	8.229452e+04
6.644165e+00	8.237718e+04
6.603441e+00	8.240863e+04
6.562967e+00	8.229933e+04
6.522741e+00	8.221606e+04
6.482761e+00	8.229228e+04
6.443026e+00	8.220895e+04
6.403535e+00	8.216942e+04
6.364286e+00	8.208314e+04
6.325278e+00	8.207389e+04
6.286508e+00	8.206026e+04
6.247977e+00	8.216208e+04
6.209681e+00	8.218268e+04
6.171620e+00	8.222125e+04
6.133793e+00	8.212168e+04
6.096197e+00	8.214426e+04
6.058832e+00	8.217158e+04
6.021696e+00	8.217844e+04
5.984787e+00	8.213797e+04
5.948105e+00	8.220958e+04
5.911647e+00	8.222333e+04
5.875413e+00	8.221555e+04
5.839401e+00	8.226999e+04
5.803610e+00	8.220774e+04
5.768038e+00	8.222036e+04
5.732684e+00	8.226577e+04
5.697547e+00	8.222476e+04
5.662625e+00	8.226485e+04
5.627917e+00	8.226525e+04
5.593422e+00	8.225700e+04
5.559139e+00	8.224400e+04
5.525065e+00	8.223898e+04
5.491201e+00	8.217185e+04
5.457543e+00	8.219258e+04
5.424093e+00	8.226005e+04
5.390847e+00	8.221655e+04
5.357805e+00	8.225029e+04
5.324966e+00	8.217131e+04
5.292327e+00	8.220358e+04
5.259889e+00	8.219844e+04
5.227650e+00	8.215885e+04
5.195608e+00	8.213553e+04
5.163763e+00	8.215895e+04
5.132113e+00	8.217395e+04
5.100657e+00	8.205531e+04
5.069393e+00	8.215255e+04
5.038322e+00	8.211237e+04
5.007441e+00	8.215311e+04
4.976749e+00	8.212470e+04
4.946245e+00	8.217063e+04
4.915928e+00	8.205594e+04
4.885797e+00	8.220556e+04
4.855850e+00	8.217116e+04
4.826088e+00	8.210167e+04
4.796507e+00	8.207746e+04
4.767108e+00	8.214753e+04
4.737889e+00	8.220131e+04
4.708849e+00	8.210269e+04
4.679988e+00	8.209950e+04
4.651303e+00	8.215724e+04
4.622794e+00	8.212412e+04
4.594459e+00	8.213702e+04
4.566299e+00	8.216247e+04
4.538310e+00	8.214565e+04
4.510494e+00	8.213777e+04
4.482848e+00	8.217687e+04
4.455371e+00	8.214758e+04
4.428063e+00	8.219734e+04
4.400922e+00	8.212447e+04
4.373948e+00	8.220534e+04
4.347139e+00	8.222503e+04
4.320494e+00	8.225413e+04
4.294012e+00	8.216485e+04
4.267693e+00	8.213071e+04
4.241535e+00	8.209442e+04
4.215538e+00	8.205378e+04
4.189700e+00	8.188453e+04
4.164020e+00	8.188537e+04
4.138498e+00	8.182589e+04
4.113132e+00	8.178799e+04
4.087921e+00	8.175322e+04
4.062865e+00	8.172932e+04
4.037963e+00	8.178082e+04
4.013213e+00	8.168227e+04
3.988615e+00	8.170969e+04
3.964168e+00	8.168684e+04
3.939870e+00	8.169127e+04
3.915722e+00	8.168720e+04
3.891721e+00	8.171510e+04
3.867868e+00	8.170968e+04
3.844160e+00	8.171608e+04
3.820599e+00	8.167961e+04
3.797181e+00	8.173473e+04
3.773907e+00	8.174103e+04
3.750776e+00	8.173624e+04
3.727786e+00	8.176766e+04
3.704938e+00	8.176827e+04
3.682229e+00	8.182666e+04
3.659660e+00	8.182750e+04
3.637229e+00	8.183148e+04
3.614935e+00	8.188268e+04
3.592778e+00	8.192803e+04
3.570757e+00	8.194396e+04
3.548871e+00	8.199865e+04
3.527119e+00	8.202305e+04
3.505500e+00	8.202431e+04
3.484014e+00	8.207763e+04
3.462660e+00	8.212391e+04
3.441436e+00	8.209770e+04
3.420343e+00	8.210496e+04
3.399378e+00	8.211846e+04
3.378543e+00	8.207024e+04
3.357835e+00	8.209862e+04
3.337254e+00	8.234822e+04
3.316799e+00	8.235583e+04
3.296469e+00	8.201204e+04
3.276264e+00	8.201268e+04
3.256183e+00	8.208727e+04
3.236225e+00	8.220379e+04
3.216389e+00	8.212005e+04
3.196675e+00	8.218469e+04
3.177082e+00	8.219199e+04
3.157609e+00	8.214531e+04
3.138255e+00	8.220743e+04
3.119020e+00	8.217609e+04
3.099902e+00	8.225918e+04
3.080902e+00	8.220567e+04
3.062018e+00	8.223450e+04
3.043251e+00	8.225551e+04
3.024598e+00	8.228777e+04
3.006059e+00	8.238813e+04
2.987634e+00	8.228373e+04
2.969322e+00	8.231070e+04
2.951122e+00	8.229783e+04
2.933034e+00	8.227063e+04
2.915057e+00	8.238192e+04
2.897190e+00	8.231177e+04
2.879432e+00	8.226880e+04
2.861783e+00	8.231921e+04
2.844242e+00	8.228523e+04
2.826809e+00	8.232229e+04
2.809483e+00	8.233898e+04
2.792263e+00	8.232762e+04
2.775148e+00	8.230106e+04
2.758139e+00	8.225618e+04
2.741233e+00	8.223284e+04
2.724432e+00	8.233393e+04
2.707733e+00	8.233246e+04
2.691136e+00	8.234001e+04
2.674642e+00	8.237614e+04
2.658248e+00	8.223726e+04
2.641955e+00	8.222164e+04
2.625762e+00	8.224795e+04
2.609668e+00	8.225692e+04
2.593672e+00	8.230844e+04
2.577775e+00	8.220111e+04
2.561975e+00	8.224320e+04
2.546272e+00	8.224937e+04
2.530665e+00	8.222131e+04
2.515154e+00	8.219445e+04
2.499738e+00	8.212717e+04
2.484417e+00	8.216675e+04
2.469189e+00	8.205037e+04
2.454055e+00	8.210369e+04
2.439013e+00	8.202984e+04
2.424064e+00	8.205158e+04
2.409206e+00	8.195269e+04
2.394439e+00	8.198306e+04
2.379763e+00	8.197279e+04
2.365177e+00	8.194543e+04
2.350680e+00	8.194671e+04
2.336272e+00	8.196926e+04
2.321952e+00	8.201926e+04
2.307720e+00	8.183223e+04
2.293576e+00	8.191912e+04
2.279518e+00	8.193274e+04
2.265546e+00	8.188795e+04
2.251660e+00	8.188917e+04
2.237859e+00	8.187959e+04
2.224142e+00	8.181954e+04
2.210510e+00	8.183795e+04
2.196961e+00	8.184816e+04
2.183496e+00	8.170074e+04
2.170112e+00	8.171744e+04
2.156811e+00	8.170039e+04
2.143591e+00	8.170502e+04
2.130453e+00	8.171239e+04
2.117395e+00	8.172920e+04
2.104417e+00	8.176735e+04
2.091518e+00	8.179611e+04
2.078699e+00	8.175096e+04
2.065958e+00	8.182381e+04
2.053295e+00	8.185882e+04
2.040710e+00	8.197765e+04
2.028202e+00	8.195300e+04
2.015770e+00	8.195641e+04
2.003415e+00	8.209582e+04
1.991135e+00	8.210170e+04
1.978931e+00	8.210352e+04
1.966802e+00	8.207520e+04
1.954747e+00	8.203398e+04
1.942766e+00	8.208427e+04
1.930858e+00	8.210085e+04
1.919023e+00	8.200608e+04
1.907261e+00	8.199505e+04
1.895571e+00	8.202769e+04
1.883952e+00	8.213242e+04
1.872405e+00	8.209693e+04
1.860929e+00	8.210072e+04
1.849522e+00	8.218725e+04
1.838186e+00	8.209675e+04
1.826919e+00	8.207472e+04
1.815722e+00	8.208938e+04
1.804593e+00	8.207435e+04
1.793532e+00	8.195076e+04
1.782539e+00	8.202409e+04
1.771613e+00	8.192877e+04
1.760754e+00	8.185832e+04
1.749962e+00	8.184520e+04
1.739236e+00	8.177437e+04
1.728576e+00	8.181547e+04
1.717981e+00	8.175976e+04
1.707451e+00	8.167113e+04
1.696986e+00	8.164057e+04
1.686585e+00	8.151037e+04
1.676247e+00	8.156232e+04
1.665973e+00	8.159878e+04
1.655762e+00	8.155027e+04
1.645613e+00	8.155716e+04
1.635527e+00	8.155393e+04
1.625502e+00	8.157107e+04
1.615539e+00	8.156294e+04
1.605637e+00	8.159117e+04
1.595795e+00	8.163805e+04
1.586014e+00	8.163439e+04
1.576293e+00	8.168470e+04
1.566632e+00	8.169424e+04
1.557029e+00	8.175924e+04
1.547486e+00	8.183676e+04
1.538001e+00	8.185948e+04
1.528574e+00	8.195053e+04
1.519205e+00	8.194740e+04
1.509893e+00	8.197039e+04
1.500639e+00	8.193495e+04
1.491441e+00	8.199769e+04
1.482300e+00	8.197682e+04
1.473214e+00	8.199108e+04
1.464185e+00	8.203269e+04
1.455210e+00	8.200981e+04
1.446291e+00	8.207815e+04
1.437426e+00	8.219615e+04
1.428616e+00	8.221081e+04
1.419859e+00	8.221395e+04
1.411157e+00	8.215913e+04
1.402507e+00	8.213807e+04
1.393911e+00	8.207614e+04
1.385367e+00	8.205197e+04
1.376876e+00	8.215793e+04
1.368437e+00	8.210714e+04
1.360049e+00	8.206659e+04
1.351713e+00	8.210835e+04
1.343428e+00	8.210537e+04
1.335194e+00	8.196821e+04
1.327010e+00	8.172155e+04
1.318876e+00	8.166820e+04
1.310793e+00	8.156371e+04
1.302758e+00	8.160524e+04
1.294774e+00	8.153445e+04
1.286837e+00	8.150571e+04
1.278950e+00	8.143062e+04
1.271111e+00	8.144422e+04
1.263320e+00	8.143392e+04
1.255577e+00	8.139011e+04
1.247881e+00	8.142147e+04
1.240232e+00	8.147459e+04
1.232631e+00	8.148259e+04
1.225076e+00	8.149953e+04
1.217567e+00	8.158010e+04
1.210104e+00	8.164176e+04
1.202687e+00	8.165750e+04
1.195315e+00	8.162466e+04
1.187989e+00	8.168191e+04
1.180707e+00	8.175391e+04
1.173471e+00	8.176007e+04
1.166278e+00	8.180229e+04
1.159130e+00	8.178024e+04
1.152025e+00	8.171216e+04
1.144964e+00	8.169411e+04
1.137946e+00	8.176596e+04
1.130971e+00	8.175534e+04
1.124039e+00	8.175087e+04
1.117150e+00	8.181329e+04
1.110302e+00	8.173507e+04
1.103497e+00	8.167780e+04
1.096733e+00	8.164434e+04
1.090011e+00	8.149268e+04
1.083330e+00	8.130220e+04
1.076690e+00	8.128138e+04
1.070091e+00	8.128045e+04
1.063532e+00	8.123800e+04
1.057013e+00	8.124939e+04
1.050535e+00	8.127691e+04
1.044096e+00	8.126504e+04
1.037696e+00	8.129059e+04
1.031336e+00	8.131018e+04
1.025014e+00	8.135902e+04
1.018732e+00	8.140632e+04
1.012488e+00	8.144179e+04
1.006282e+00	8.149628e+04
1.000114e+00	8.150943e+04
9.939843e-01	8.156144e+04
9.878919e-01	8.158755e+04
9.818368e-01	8.164701e+04
9.758189e-01	8.165217e+04
9.698378e-01	8.167341e+04
9.638934e-01	8.166397e+04
9.579854e-01	8.172626e+04
9.521137e-01	8.170979e+04
9.462779e-01	8.168717e+04
9.404779e-01	8.175342e+04
9.347135e-01	8.178893e+04
9.289844e-01	8.179881e+04
9.232904e-01	8.143881e+04
9.176313e-01	8.146739e+04
9.120069e-01	8.139006e+04
9.064169e-01	8.135035e+04
9.008613e-01	8.140230e+04
8.953396e-01	8.140076e+04
8.898519e-01	8.127542e+04
8.843977e-01	8.112483e+04
8.789770e-01	8.113983e+04
8.735895e-01	8.116540e+04
8.682350e-01	8.119719e+04
8.629134e-01	8.121275e+04
8.576244e-01	8.124458e+04
8.523677e-01	8.126718e+04
8.471434e-01	8.133287e+04
8.419510e-01	8.133066e+04
8.367904e-01	8.134567e+04
8.316615e-01	8.135175e+04
8.265640e-01	8.136727e+04
8.214978e-01	8.136724e+04
8.164626e-01	8.138299e+04
8.114583e-01	8.143689e+04
8.064847e-01	8.123250e+04
8.015415e-01	8.118232e+04
7.966286e-01	8.117782e+04
7.917459e-01	8.117356e+04
7.868930e-01	8.121062e+04
7.820700e-01	8.116163e+04
7.772764e-01	8.116126e+04
7.725123e-01	8.115835e+04
7.677774e-01	8.117997e+04
7.630715e-01	8.119646e+04
7.583944e-01	8.123672e+04
7.537460e-01	8.125699e+04
7.491261e-01	8.127753e+04
7.445345e-01	8.129184e+04
7.399710e-01	8.132888e+04
7.354355e-01	8.136312e+04
7.309278e-01	8.135548e+04
7.264478e-01	8.139345e+04
7.219952e-01	8.136103e+04
7.175699e-01	8.140088e+04
7.131717e-01	8.127798e+04
7.088005e-01	8.127302e+04
7.044561e-01	8.126461e+04
7.001383e-01	8.123196e+04
6.958469e-01	8.124923e+04
6.915819e-01	8.127008e+04
6.873430e-01	8.120780e+04
6.831301e-01	8.121196e+04
6.789430e-01	8.122001e+04
6.747816e-01	8.122714e+04
6.706456e-01	8.123336e+04
6.665351e-01	8.124545e+04
6.624497e-01	8.125735e+04
6.583894e-01	8.126589e+04
6.543539e-01	8.126312e+04
6.503432e-01	8.127678e+04
6.463571e-01	8.129931e+04
6.423954e-01	8.127315e+04
6.384580e-01	8.127266e+04
6.345447e-01	8.127650e+04
6.306554e-01	8.128348e+04
6.267899e-01	8.129455e+04
6.229482e-01	8.129216e+04
6.191299e-01	8.129748e+04
6.153351e-01	8.130492e+04
6.115636e-01	8.131223e+04
6.078151e-01	8.132256e+04
6.040897e-01	8.133031e+04
6.003870e-01	8.133997e+04
5.967071e-01	8.134853e+04
5.930497e-01	8.135351e+04
5.894148e-01	8.137330e+04
5.858021e-01	8.135224e+04
5.822115e-01	8.135353e+04
5.786430e-01	8.135710e+04
5.750963e-01	8.136104e+04
5.715714e-01	8.136623e+04
5.680681e-01	8.137731e+04
5.645863e-01	8.137561e+04
5.611258e-01	8.138131e+04
5.576865e-01	8.138710e+04
5.542683e-01	8.139286e+04
5.508710e-01	8.139856e+04
5.474946e-01	8.140418e+04
5.441388e-01	8.140925e+04
5.408036e-01	8.141473e+04
5.374889e-01	8.141957e+04
5.341945e-01	8.142435e+04
5.309203e-01	8.142980e+04
5.276661e-01	8.143513e+04
5.244319e-01	8.144051e+04
5.212175e-01	8.144583e+04
5.180228e-01	8.145147e+04
5.148477e-01	8.145772e+04
5.116921e-01	8.146316e+04
5.085558e-01	8.146840e+04
5.054387e-01	8.147415e+04
5.023407e-01	8.148043e+04
4.992618e-01	8.148284e+04
4.962017e-01	8.148798e+04
4.931603e-01	8.149325e+04
4.901376e-01	8.149851e+04
4.871334e-01	8.150377e+04
4.841476e-01	8.150906e+04
4.811802e-01	8.151414e+04
4.782309e-01	8.151936e+04
4.752997e-01	8.152463e+04
4.723864e-01	8.152981e+04
4.694910e-01	8.153497e+04
4.666134e-01	8.154011e+04
4.637534e-01	8.154523e+04
4.609109e-01	8.155039e+04
4.580859e-01	8.155554e+04
4.552782e-01	8.156070e+04
4.524876e-01	8.156587e+04
4.497142e-01	8.157123e+04
4.469578e-01	8.157629e+04
4.442183e-01	8.158133e+04
4.414955e-01	8.158634e+04
4.387895e-01	8.159134e+04
4.361000e-01	8.159638e+04
4.334270e-01	8.160145e+04
4.307705e-01	8.160652e+04
4.281301e-01	8.161157e+04
4.255060e-01	8.161662e+04
4.228980e-01	8.162165e+04
4.203059e-01	8.162671e+04
4.177298e-01	8.163172e+04
4.151694e-01	8.163671e+04
4.126247e-01	8.164171e+04
4.100956e-01	8.164671e+04
4.075820e-01	8.165170e+04
4.050838e-01	8.165669e+04
4.026010e-01	8.166168e+04
4.001333e-01	8.166666e+04
3.976808e-01	8.167160e+04
3.952433e-01	8.167654e+04
3.928207e-01	8.168149e+04
3.904130e-01	8.168643e+04
3.880201e-01	8.169136e+04
3.856418e-01	8.169629e+04
3.832781e-01	8.170121e+04
3.809289e-01	8.170612e+04
3.785941e-01	8.171103e+04
3.762736e-01	8.171593e+04
3.739673e-01	8.172082e+04
3.716751e-01	8.172571e+04
3.693970e-01	8.173059e+04
3.671329e-01	8.173547e+04
3.648826e-01	8.174034e+04
3.626462e-01	8.174521e+04
3.604234e-01	8.175006e+04
3.582143e-01	8.175492e+04
3.560187e-01	8.175977e+04
3.538366e-01	8.176461e+04
3.516678e-01	8.176945e+04
3.495123e-01	8.177428e+04
3.473701e-01	8.177911e+04
3.452410e-01	8.178394e+04
3.431249e-01	8.178876e+04
3.410218e-01	8.179357e+04
3.389316e-01	8.179838e+04
3.368542e-01	8.180319e+04
3.347895e-01	8.180799e+04
3.327375e-01	8.181279e+04
3.306980e-01	8.181758e+04
3.286711e-01	8.182237e+04
3.266566e-01	8.182716e+04
3.246544e-01	8.183195e+04
3.226645e-01	8.183673e+04
3.206868e-01	8.184150e+04
3.187212e-01	8.184628e+04
3.167677e-01	8.185105e+04
3.148262e-01	8.185582e+04
3.128965e-01	8.186058e+04
3.109787e-01	8.186534e+04
3.090726e-01	8.187010e+04
3.071782e-01	8.187486e+04
3.052954e-01	8.187962e+04
3.034242e-01	8.188437e+04
3.015644e-01	8.188912e+04
2.997161e-01	8.189387e+04
2.978790e-01	8.189862e+04
2.960532e-01	8.190337e+04
2.942386e-01	8.190811e+04
2.924352e-01	8.191285e+04
2.906428e-01	8.191760e+04
2.888613e-01	8.192234e+04
2.870908e-01	8.192708e+04
2.853312e-01	8.193182e+04
2.835823e-01	8.193656e+04
2.818441e-01	8.194130e+04
2.801166e-01	8.194604e+04
2.783997e-01	8.195078e+04
2.766933e-01	8.195552e+04
2.749974e-01	8.196026e+04
2.733119e-01	8.196500e+04
2.716367e-01	8.196974e+04
2.699717e-01	8.197448e+04
2.683170e-01	8.197922e+04
2.666724e-01	8.198396e+04
2.650379e-01	8.198871e+04
2.634134e-01	8.199345e+04
2.617989e-01	8.199820e+04
2.601943e-01	8.200294e+04
2.585995e-01	8.200769e+04
2.570144e-01	8.201244e+04
2.554391e-01	8.201720e+04
2.538735e-01	8.202195e+04
2.523174e-01	8.202671e+04
2.507709e-01	8.203147e+04
