(dyn/cm2)      (K)     (cm)
Pressure     Temp    Hight       CH4        CO       H2O       CO2        H2        He      C2H2        N2       NH3       HCN
1.000E+09  2286.5  0.00E+00  4.09E-04  5.33E-05  7.52E-04  8.62E-09  8.36E-01  1.62E-01  2.26E-08  3.71E-05  6.22E-05  6.29E-07
8.083E+08  2167.0  8.01E+06  4.18E-04  4.50E-05  7.60E-04  7.92E-09  8.36E-01  1.62E-01  1.16E-08  3.83E-05  5.99E-05  4.35E-07
6.533E+08  2052.2  1.56E+07  4.28E-04  3.62E-05  7.69E-04  6.98E-09  8.36E-01  1.62E-01  5.49E-09  3.93E-05  5.82E-05  2.86E-07
5.281E+08  1942.1  2.28E+07  4.37E-04  2.75E-05  7.78E-04  5.87E-09  8.36E-01  1.62E-01  2.35E-09  3.99E-05  5.71E-05  1.77E-07
4.268E+08  1839.5  2.96E+07  4.45E-04  2.02E-05  7.85E-04  4.76E-09  8.36E-01  1.62E-01  9.43E-10  4.04E-05  5.62E-05  1.06E-07
3.450E+08  1754.2  3.60E+07  4.49E-04  1.55E-05  7.90E-04  4.02E-09  8.36E-01  1.62E-01  4.14E-10  4.11E-05  5.48E-05  6.66E-08
2.789E+08  1692.7  4.22E+07  4.51E-04  1.37E-05  7.92E-04  3.82E-09  8.36E-01  1.62E-01  2.36E-10  4.26E-05  5.18E-05  4.88E-08
2.254E+08  1636.7  4.81E+07  4.53E-04  1.22E-05  7.93E-04  3.66E-09  8.36E-01  1.62E-01  1.37E-10  4.41E-05  4.89E-05  3.62E-08
1.822E+08  1586.0  5.38E+07  4.54E-04  1.11E-05  7.94E-04  3.56E-09  8.36E-01  1.62E-01  8.20E-11  4.56E-05  4.58E-05  2.72E-08
1.473E+08  1561.8  5.94E+07  4.52E-04  1.29E-05  7.92E-04  4.30E-09  8.36E-01  1.62E-01  7.75E-11  4.82E-05  4.07E-05  2.66E-08
1.190E+08  1554.0  6.49E+07  4.47E-04  1.78E-05  7.87E-04  5.96E-09  8.36E-01  1.62E-01  9.95E-11  5.12E-05  3.46E-05  3.09E-08
9.620E+07  1542.1  7.03E+07  4.42E-04  2.34E-05  7.82E-04  7.91E-09  8.36E-01  1.62E-01  1.17E-10  5.37E-05  2.97E-05  3.39E-08
7.776E+07  1531.6  7.57E+07  4.34E-04  3.09E-05  7.74E-04  1.05E-08  8.36E-01  1.62E-01  1.39E-10  5.59E-05  2.52E-05  3.74E-08
6.285E+07  1525.8  8.11E+07  4.23E-04  4.24E-05  7.63E-04  1.43E-08  8.36E-01  1.62E-01  1.79E-10  5.80E-05  2.11E-05  4.29E-08
5.080E+07  1518.9  8.64E+07  4.08E-04  5.67E-05  7.48E-04  1.90E-08  8.36E-01  1.62E-01  2.21E-10  5.97E-05  1.77E-05  4.81E-08
4.106E+07  1517.8  9.17E+07  3.86E-04  7.87E-05  7.26E-04  2.57E-08  8.36E-01  1.62E-01  2.96E-10  6.13E-05  1.45E-05  5.63E-08
3.319E+07  1524.8  9.71E+07  3.52E-04  1.13E-04  6.92E-04  3.48E-08  8.36E-01  1.62E-01  4.35E-10  6.27E-05  1.16E-05  6.95E-08
2.683E+07  1526.9  1.02E+08  3.15E-04  1.50E-04  6.55E-04  4.36E-08  8.36E-01  1.62E-01  5.56E-10  6.38E-05  9.43E-06  7.94E-08
2.168E+07  1527.9  1.08E+08  2.74E-04  1.91E-04  6.15E-04  5.18E-08  8.36E-01  1.62E-01  6.61E-10  6.47E-05  7.65E-06  8.73E-08
1.753E+07  1543.6  1.13E+08  2.16E-04  2.49E-04  5.56E-04  5.97E-08  8.37E-01  1.62E-01  8.66E-10  6.55E-05  5.95E-06  1.02E-07
1.417E+07  1564.0  1.19E+08  1.56E-04  3.09E-04  4.96E-04  6.41E-08  8.37E-01  1.62E-01  1.04E-09  6.62E-05  4.57E-06  1.15E-07
1.145E+07  1575.5  1.24E+08  1.13E-04  3.52E-04  4.53E-04  6.56E-08  8.37E-01  1.62E-01  1.04E-09  6.67E-05  3.59E-06  1.16E-07
9.255E+06  1577.2  1.30E+08  8.36E-05  3.81E-04  4.24E-04  6.63E-08  8.37E-01  1.62E-01  9.05E-10  6.71E-05  2.90E-06  1.09E-07
7.481E+06  1574.2  1.35E+08  6.26E-05  4.02E-04  4.03E-04  6.68E-08  8.37E-01  1.62E-01  7.33E-10  6.73E-05  2.37E-06  9.79E-08
6.047E+06  1573.0  1.41E+08  4.52E-05  4.20E-04  3.85E-04  6.68E-08  8.37E-01  1.62E-01  5.72E-10  6.76E-05  1.92E-06  8.65E-08
4.887E+06  1570.7  1.46E+08  3.23E-05  4.33E-04  3.72E-04  6.67E-08  8.37E-01  1.62E-01  4.27E-10  6.77E-05  1.57E-06  7.47E-08
3.950E+06  1564.9  1.52E+08  2.35E-05  4.41E-04  3.64E-04  6.71E-08  8.37E-01  1.62E-01  3.09E-10  6.79E-05  1.29E-06  6.33E-08
3.193E+06  1555.0  1.57E+08  1.77E-05  4.47E-04  3.58E-04  6.78E-08  8.37E-01  1.62E-01  2.19E-10  6.80E-05  1.07E-06  5.28E-08
2.581E+06  1543.3  1.63E+08  1.35E-05  4.51E-04  3.54E-04  6.89E-08  8.37E-01  1.62E-01  1.54E-10  6.81E-05  8.95E-07  4.38E-08
2.086E+06  1528.5  1.68E+08  1.06E-05  4.54E-04  3.51E-04  7.03E-08  8.37E-01  1.62E-01  1.07E-10  6.82E-05  7.55E-07  3.61E-08
1.686E+06  1511.9  1.73E+08  8.48E-06  4.56E-04  3.49E-04  7.20E-08  8.37E-01  1.62E-01  7.44E-11  6.82E-05  6.41E-07  2.96E-08
1.363E+06  1494.9  1.79E+08  6.85E-06  4.58E-04  3.47E-04  7.39E-08  8.37E-01  1.62E-01  5.16E-11  6.83E-05  5.46E-07  2.42E-08
1.102E+06  1477.0  1.84E+08  5.61E-06  4.59E-04  3.46E-04  7.61E-08  8.37E-01  1.62E-01  3.58E-11  6.83E-05  4.66E-07  1.98E-08
8.904E+05  1458.9  1.89E+08  4.62E-06  4.60E-04  3.45E-04  7.84E-08  8.37E-01  1.62E-01  2.47E-11  6.83E-05  3.99E-07  1.62E-08
7.197E+05  1440.4  1.94E+08  3.85E-06  4.61E-04  3.44E-04  8.10E-08  8.37E-01  1.62E-01  1.71E-11  6.84E-05  3.42E-07  1.32E-08
5.817E+05  1419.2  1.99E+08  3.34E-06  4.62E-04  3.43E-04  8.41E-08  8.37E-01  1.62E-01  1.19E-11  6.84E-05  2.97E-07  1.08E-08
4.702E+05  1396.4  2.04E+08  2.99E-06  4.62E-04  3.43E-04  8.77E-08  8.37E-01  1.62E-01  8.36E-12  6.84E-05  2.59E-07  8.79E-09
3.800E+05  1372.5  2.09E+08  2.74E-06  4.62E-04  3.43E-04  9.19E-08  8.37E-01  1.62E-01  5.88E-12  6.84E-05  2.28E-07  7.16E-09
3.072E+05  1348.1  2.14E+08  2.57E-06  4.62E-04  3.43E-04  9.66E-08  8.37E-01  1.62E-01  4.15E-12  6.85E-05  2.02E-07  5.84E-09
2.483E+05  1322.7  2.19E+08  2.47E-06  4.62E-04  3.42E-04  1.02E-07  8.37E-01  1.62E-01  2.95E-12  6.85E-05  1.79E-07  4.77E-09
2.007E+05  1297.3  2.23E+08  2.41E-06  4.63E-04  3.42E-04  1.08E-07  8.37E-01  1.62E-01  2.10E-12  6.85E-05  1.60E-07  3.89E-09
1.622E+05  1271.8  2.28E+08  2.40E-06  4.63E-04  3.42E-04  1.15E-07  8.37E-01  1.62E-01  1.50E-12  6.85E-05  1.44E-07  3.17E-09
1.311E+05  1246.3  2.32E+08  2.43E-06  4.62E-04  3.42E-04  1.22E-07  8.37E-01  1.62E-01  1.07E-12  6.85E-05  1.30E-07  2.59E-09
1.060E+05  1221.2  2.37E+08  2.48E-06  4.62E-04  3.42E-04  1.30E-07  8.37E-01  1.62E-01  7.70E-13  6.85E-05  1.17E-07  2.12E-09
8.566E+04  1198.3  2.41E+08  2.48E-06  4.62E-04  3.42E-04  1.38E-07  8.37E-01  1.62E-01  5.50E-13  6.85E-05  1.05E-07  1.73E-09
6.924E+04  1177.1  2.45E+08  2.44E-06  4.62E-04  3.42E-04  1.47E-07  8.37E-01  1.62E-01  3.92E-13  6.85E-05  9.40E-08  1.41E-09
5.596E+04  1157.3  2.49E+08  2.37E-06  4.63E-04  3.42E-04  1.55E-07  8.37E-01  1.62E-01  2.78E-13  6.85E-05  8.37E-08  1.15E-09
4.523E+04  1140.2  2.53E+08  2.20E-06  4.63E-04  3.42E-04  1.64E-07  8.37E-01  1.62E-01  1.96E-13  6.85E-05  7.38E-08  9.36E-10
3.656E+04  1127.3  2.57E+08  1.89E-06  4.63E-04  3.42E-04  1.70E-07  8.37E-01  1.62E-01  1.36E-13  6.85E-05  6.38E-08  7.63E-10
2.955E+04  1116.7  2.61E+08  1.56E-06  4.63E-04  3.41E-04  1.76E-07  8.37E-01  1.62E-01  9.36E-14  6.85E-05  5.46E-08  6.21E-10
2.389E+04  1107.0  2.65E+08  1.26E-06  4.64E-04  3.41E-04  1.82E-07  8.37E-01  1.62E-01  6.41E-14  6.85E-05  4.65E-08  5.05E-10
1.931E+04  1096.9  2.69E+08  1.03E-06  4.64E-04  3.41E-04  1.88E-07  8.37E-01  1.62E-01  4.40E-14  6.85E-05  3.97E-08  4.11E-10
1.561E+04  1086.5  2.73E+08  8.56E-07  4.64E-04  3.41E-04  1.95E-07  8.37E-01  1.62E-01  3.03E-14  6.85E-05  3.41E-08  3.34E-10
1.261E+04  1076.4  2.77E+08  7.06E-07  4.64E-04  3.41E-04  2.02E-07  8.37E-01  1.62E-01  2.08E-14  6.85E-05  2.91E-08  2.71E-10
1.020E+04  1066.9  2.80E+08  5.79E-07  4.64E-04  3.40E-04  2.09E-07  8.37E-01  1.62E-01  1.43E-14  6.85E-05  2.49E-08  2.21E-10
8.241E+03  1059.2  2.84E+08  4.55E-07  4.64E-04  3.40E-04  2.15E-07  8.37E-01  1.62E-01  9.70E-15  6.85E-05  2.11E-08  1.79E-10
6.661E+03  1053.0  2.88E+08  3.46E-07  4.64E-04  3.40E-04  2.20E-07  8.37E-01  1.62E-01  6.55E-15  6.85E-05  1.77E-08  1.45E-10
5.384E+03  1048.1  2.92E+08  2.55E-07  4.65E-04  3.40E-04  2.24E-07  8.37E-01  1.62E-01  4.39E-15  6.86E-05  1.47E-08  1.18E-10
4.352E+03  1044.3  2.95E+08  1.83E-07  4.65E-04  3.40E-04  2.27E-07  8.37E-01  1.62E-01  2.93E-15  6.86E-05  1.22E-08  9.54E-11
3.517E+03  1041.7  2.99E+08  1.28E-07  4.65E-04  3.40E-04  2.29E-07  8.37E-01  1.62E-01  1.94E-15  6.86E-05  9.99E-09  7.72E-11
2.843E+03  1039.6  3.03E+08  8.78E-08  4.65E-04  3.40E-04  2.31E-07  8.37E-01  1.62E-01  1.28E-15  6.86E-05  8.18E-09  6.25E-11
2.298E+03  1037.7  3.06E+08  6.02E-08  4.65E-04  3.40E-04  2.33E-07  8.37E-01  1.62E-01  8.46E-16  6.86E-05  6.69E-09  5.06E-11
1.857E+03  1035.0  3.10E+08  4.21E-08  4.65E-04  3.40E-04  2.35E-07  8.37E-01  1.62E-01  5.60E-16  6.86E-05  5.50E-09  4.09E-11
1.501E+03  1032.5  3.13E+08  2.93E-08  4.65E-04  3.40E-04  2.37E-07  8.37E-01  1.62E-01  3.71E-16  6.86E-05  4.51E-09  3.31E-11
1.213E+03  1030.1  3.17E+08  2.03E-08  4.65E-04  3.40E-04  2.39E-07  8.37E-01  1.62E-01  2.45E-16  6.86E-05  3.70E-09  2.68E-11
9.808E+02  1027.4  3.21E+08  1.42E-08  4.65E-04  3.40E-04  2.42E-07  8.37E-01  1.62E-01  1.63E-16  6.86E-05  3.05E-09  2.17E-11
7.928E+02  1024.8  3.24E+08  9.95E-09  4.65E-04  3.40E-04  2.45E-07  8.37E-01  1.62E-01  1.08E-16  6.86E-05  2.50E-09  1.76E-11
6.408E+02  1022.4  3.28E+08  6.92E-09  4.65E-04  3.40E-04  2.47E-07  8.37E-01  1.62E-01  7.14E-17  6.86E-05  2.05E-09  1.42E-11
5.179E+02  1019.7  3.31E+08  4.85E-09  4.65E-04  3.40E-04  2.50E-07  8.37E-01  1.62E-01  4.73E-17  6.86E-05  1.69E-09  1.15E-11
4.186E+02  1016.8  3.35E+08  3.42E-09  4.65E-04  3.40E-04  2.52E-07  8.37E-01  1.62E-01  3.14E-17  6.86E-05  1.39E-09  9.32E-12
3.384E+02  1013.0  3.39E+08  2.47E-09  4.65E-04  3.40E-04  2.56E-07  8.37E-01  1.62E-01  2.10E-17  6.86E-05  1.15E-09  7.55E-12
2.735E+02  1007.6  3.42E+08  1.86E-09  4.65E-04  3.40E-04  2.62E-07  8.37E-01  1.62E-01  1.41E-17  6.86E-05  9.64E-10  6.12E-12
2.211E+02  1002.0  3.46E+08  1.41E-09  4.65E-04  3.40E-04  2.68E-07  8.37E-01  1.62E-01  9.51E-18  6.86E-05  8.09E-10  4.96E-12
1.787E+02   995.0  3.49E+08  1.12E-09  4.65E-04  3.40E-04  2.76E-07  8.37E-01  1.62E-01  6.46E-18  6.86E-05  6.85E-10  4.03E-12
1.444E+02   987.9  3.53E+08  8.85E-10  4.65E-04  3.40E-04  2.85E-07  8.37E-01  1.62E-01  4.39E-18  6.86E-05  5.80E-10  3.27E-12
1.167E+02   981.3  3.56E+08  6.95E-10  4.65E-04  3.40E-04  2.93E-07  8.37E-01  1.62E-01  2.98E-18  6.86E-05  4.91E-10  2.65E-12
9.436E+01   972.9  3.60E+08  5.77E-10  4.65E-04  3.40E-04  3.04E-07  8.37E-01  1.62E-01  2.05E-18  6.86E-05  4.21E-10  2.15E-12
7.627E+01   964.5  3.63E+08  4.80E-10  4.65E-04  3.40E-04  3.16E-07  8.37E-01  1.62E-01  1.41E-18  6.86E-05  3.61E-10  1.75E-12
6.165E+01   955.9  3.66E+08  4.03E-10  4.65E-04  3.40E-04  3.28E-07  8.37E-01  1.62E-01  9.68E-19  6.86E-05  3.10E-10  1.42E-12
4.983E+01   946.0  3.70E+08  3.54E-10  4.65E-04  3.40E-04  3.44E-07  8.37E-01  1.62E-01  6.73E-19  6.86E-05  2.69E-10  1.16E-12
4.028E+01   936.7  3.73E+08  3.07E-10  4.65E-04  3.40E-04  3.59E-07  8.37E-01  1.62E-01  4.66E-19  6.86E-05  2.33E-10  9.39E-13
3.255E+01   927.1  3.76E+08  2.70E-10  4.65E-04  3.40E-04  3.77E-07  8.37E-01  1.62E-01  3.24E-19  6.86E-05  2.03E-10  7.63E-13
2.631E+01   917.7  3.80E+08  2.38E-10  4.65E-04  3.40E-04  3.95E-07  8.37E-01  1.62E-01  2.25E-19  6.86E-05  1.76E-10  6.20E-13
2.127E+01   909.3  3.83E+08  2.04E-10  4.65E-04  3.40E-04  4.12E-07  8.37E-01  1.62E-01  1.55E-19  6.86E-05  1.52E-10  5.04E-13
1.719E+01   900.6  3.86E+08  1.77E-10  4.65E-04  3.40E-04  4.32E-07  8.37E-01  1.62E-01  1.08E-19  6.86E-05  1.32E-10  4.10E-13
1.389E+01   892.8  3.89E+08  1.50E-10  4.65E-04  3.40E-04  4.50E-07  8.37E-01  1.62E-01  7.41E-20  6.86E-05  1.14E-10  3.33E-13
1.123E+01   885.9  3.92E+08  1.24E-10  4.65E-04  3.40E-04  4.67E-07  8.37E-01  1.62E-01  5.08E-20  6.86E-05  9.72E-11  2.70E-13
9.078E+00   879.7  3.95E+08  1.01E-10  4.65E-04  3.40E-04  4.84E-07  8.37E-01  1.62E-01  3.47E-20  6.86E-05  8.28E-11  2.19E-13
7.337E+00   874.6  3.99E+08  7.85E-11  4.65E-04  3.40E-04  4.98E-07  8.37E-01  1.62E-01  2.35E-20  6.86E-05  6.99E-11  1.78E-13
5.931E+00   870.2  4.02E+08  5.99E-11  4.65E-04  3.39E-04  5.10E-07  8.37E-01  1.62E-01  1.59E-20  6.86E-05  5.87E-11  1.44E-13
4.794E+00   866.8  4.05E+08  4.42E-11  4.65E-04  3.39E-04  5.20E-07  8.37E-01  1.62E-01  1.06E-20  6.86E-05  4.88E-11  1.17E-13
3.875E+00   864.2  4.08E+08  3.17E-11  4.65E-04  3.39E-04  5.28E-07  8.37E-01  1.62E-01  7.08E-21  6.86E-05  4.04E-11  9.45E-14
3.132E+00   862.3  4.11E+08  2.22E-11  4.65E-04  3.39E-04  5.34E-07  8.37E-01  1.62E-01  4.69E-21  6.86E-05  3.32E-11  7.65E-14
2.531E+00   861.1  4.14E+08  1.51E-11  4.64E-04  3.39E-04  5.38E-07  8.37E-01  1.62E-01  3.09E-21  6.86E-05  2.71E-11  6.19E-14
2.046E+00   860.5  4.17E+08  1.01E-11  4.64E-04  3.39E-04  5.40E-07  8.37E-01  1.62E-01  2.03E-21  6.86E-05  2.20E-11  5.00E-14
1.654E+00   860.6  4.20E+08  6.57E-12  4.64E-04  3.39E-04  5.39E-07  8.37E-01  1.62E-01  1.32E-21  6.86E-05  1.78E-11  4.04E-14
1.337E+00   861.4  4.23E+08  4.17E-12  4.64E-04  3.39E-04  5.37E-07  8.37E-01  1.62E-01  8.60E-22  6.86E-05  1.43E-11  3.27E-14
1.080E+00   862.7  4.26E+08  2.60E-12  4.65E-04  3.39E-04  5.33E-07  8.37E-01  1.62E-01  5.56E-22  6.86E-05  1.14E-11  2.64E-14
8.733E-01   864.6  4.29E+08  1.59E-12  4.65E-04  3.39E-04  5.27E-07  8.37E-01  1.62E-01  3.58E-22  6.86E-05  9.07E-12  2.13E-14
7.059E-01   867.3  4.32E+08  9.41E-13  4.65E-04  3.39E-04  5.19E-07  8.37E-01  1.62E-01  2.30E-22  6.86E-05  7.16E-12  1.72E-14
5.706E-01   870.4  4.36E+08  5.50E-13  4.65E-04  3.39E-04  5.10E-07  8.37E-01  1.62E-01  1.47E-22  6.86E-05  5.63E-12  1.39E-14
4.612E-01   874.2  4.39E+08  3.14E-13  4.65E-04  3.40E-04  4.99E-07  8.37E-01  1.62E-01  9.32E-23  6.86E-05  4.41E-12  1.12E-14
3.728E-01   879.9  4.42E+08  1.68E-13  4.65E-04  3.40E-04  4.83E-07  8.37E-01  1.62E-01  5.85E-23  6.86E-05  3.39E-12  9.00E-15
3.013E-01   886.8  4.45E+08  8.67E-14  4.65E-04  3.40E-04  4.65E-07  8.37E-01  1.62E-01  3.64E-23  6.86E-05  2.59E-12  7.24E-15
2.435E-01   894.8  4.49E+08  4.32E-14  4.65E-04  3.40E-04  4.45E-07  8.37E-01  1.62E-01  2.25E-23  6.86E-05  1.96E-12  5.82E-15
1.968E-01   906.5  4.52E+08  1.91E-14  4.65E-04  3.40E-04  4.18E-07  8.37E-01  1.62E-01  1.36E-23  6.86E-05  1.44E-12  4.67E-15
1.591E-01   922.2  4.56E+08  7.53E-15  4.65E-04  3.40E-04  3.86E-07  8.37E-01  1.62E-01  7.98E-24  6.86E-05  1.03E-12  3.74E-15
1.286E-01   941.6  4.59E+08  2.69E-15  4.65E-04  3.40E-04  3.51E-07  8.37E-01  1.62E-01  4.60E-24  6.86E-05  7.18E-13  2.99E-15
1.039E-01   965.5  4.63E+08  8.65E-16  4.65E-04  3.40E-04  3.14E-07  8.37E-01  1.62E-01  2.60E-24  6.86E-05  4.88E-13  2.38E-15
8.402E-02  1003.8  4.67E+08  1.94E-16  4.65E-04  3.40E-04  2.66E-07  8.37E-01  1.62E-01  1.36E-24  6.86E-05  3.04E-13  1.88E-15
6.791E-02  1054.7  4.71E+08  3.45E-17  4.65E-04  3.40E-04  2.18E-07  8.37E-01  1.62E-01  6.77E-25  6.86E-05  1.78E-13  1.48E-15
5.489E-02  1121.4  4.75E+08  4.88E-18  4.65E-04  3.40E-04  1.73E-07  8.37E-01  1.62E-01  3.21E-25  6.86E-05  9.89E-14  1.16E-15
4.437E-02  1216.7  4.80E+08  4.77E-19  4.65E-04  3.40E-04  1.31E-07  8.36E-01  1.62E-01  1.40E-25  6.85E-05  4.99E-14  8.97E-16
3.586E-02  1389.0  4.85E+08  1.83E-20  4.60E-04  3.36E-04  8.89E-08  8.19E-01  1.61E-01  4.80E-26  6.79E-05  1.96E-14  6.57E-16
2.899E-02  1689.7  4.91E+08  4.51E-23  3.51E-04  2.26E-04  6.06E-08  3.88E-01  1.23E-01  2.08E-27  5.18E-05  1.89E-15  1.59E-16
2.343E-02  2339.5  4.99E+08  7.56E-29  2.53E-04  3.73E-11  1.19E-11  1.38E-04  8.84E-02  4.92E-25  3.61E-05  2.88E-21  2.96E-15
1.894E-02  3484.2  5.11E+08  4.32E-36  2.03E-06  4.63E-18  2.36E-17  4.84E-08  8.84E-02  3.23E-26  2.50E-09  5.21E-29  8.61E-18
1.531E-02  4734.2  5.33E+08  3.75E-43  7.22E-11  4.29E-22  5.68E-24  5.74E-10  8.84E-02  4.49E-33  2.91E-13  3.85E-34  4.06E-23
1.237E-02  5744.6  5.65E+08  9.50E-47  4.10E-13  3.57E-24  2.55E-27  5.82E-11  8.84E-02  1.43E-36  2.94E-15  8.40E-37  7.83E-26
1.000E-02  6000.0  6.06E+08  9.41E-48  1.23E-13  9.78E-25  3.90E-28  3.11E-11  8.84E-02  1.72E-37  9.88E-16  1.49E-37  1.60E-26
