(dyn/cm2)      (K)     (cm)
Pressure     Temp    Hight       CH4        CO       H2O       CO2        H2        He      C2H2        N2       NH3       HCN
1.118E+09  2352.0  0.00E+00  4.04E-04  5.75E-05  7.47E-04  8.87E-09  8.36E-01  1.62E-01  3.16E-08  3.63E-05  6.33E-05  8.93E-07
1.064E+09  2323.0  1.81E+06  4.05E-04  5.58E-05  7.48E-04  8.77E-09  8.36E-01  1.62E-01  2.75E-08  3.66E-05  6.27E-05  8.30E-07
1.011E+09  2293.0  3.80E+06  4.08E-04  5.38E-05  7.50E-04  8.62E-09  8.36E-01  1.62E-01  2.37E-08  3.69E-05  6.21E-05  7.65E-07
9.616E+08  2264.0  5.66E+06  4.10E-04  5.19E-05  7.52E-04  8.48E-09  8.37E-01  1.62E-01  2.04E-08  3.72E-05  6.16E-05  7.05E-07
9.148E+08  2236.0  7.42E+06  4.12E-04  5.01E-05  7.54E-04  8.33E-09  8.36E-01  1.62E-01  1.75E-08  3.76E-05  6.10E-05  6.50E-07
8.697E+08  2207.0  9.30E+06  4.15E-04  4.80E-05  7.56E-04  8.14E-09  8.36E-01  1.62E-01  1.49E-08  3.79E-05  6.05E-05  5.95E-07
8.272E+08  2180.0  1.12E+07  4.17E-04  4.61E-05  7.58E-04  7.98E-09  8.36E-01  1.62E-01  1.28E-08  3.82E-05  5.99E-05  5.47E-07
7.866E+08  2152.0  1.30E+07  4.19E-04  4.40E-05  7.60E-04  7.78E-09  8.36E-01  1.62E-01  1.08E-08  3.84E-05  5.95E-05  4.98E-07
7.480E+08  2125.0  1.47E+07  4.22E-04  4.20E-05  7.62E-04  7.58E-09  8.36E-01  1.62E-01  9.09E-09  3.87E-05  5.90E-05  4.55E-07
7.112E+08  2098.0  1.64E+07  4.24E-04  3.99E-05  7.64E-04  7.37E-09  8.36E-01  1.62E-01  7.63E-09  3.89E-05  5.86E-05  4.13E-07
6.763E+08  2071.0  1.82E+07  4.26E-04  3.78E-05  7.66E-04  7.13E-09  8.36E-01  1.62E-01  6.35E-09  3.91E-05  5.82E-05  3.74E-07
6.433E+08  2044.0  1.99E+07  4.28E-04  3.56E-05  7.68E-04  6.88E-09  8.36E-01  1.62E-01  5.24E-09  3.93E-05  5.79E-05  3.36E-07
6.117E+08  2018.0  2.15E+07  4.31E-04  3.36E-05  7.70E-04  6.63E-09  8.37E-01  1.62E-01  4.34E-09  3.94E-05  5.76E-05  3.03E-07
5.818E+08  1992.0  2.31E+07  4.33E-04  3.15E-05  7.73E-04  6.38E-09  8.36E-01  1.62E-01  3.56E-09  3.96E-05  5.73E-05  2.72E-07
5.533E+08  1966.0  2.48E+07  4.35E-04  2.95E-05  7.75E-04  6.11E-09  8.37E-01  1.62E-01  2.90E-09  3.97E-05  5.71E-05  2.43E-07
5.259E+08  1940.0  2.65E+07  4.37E-04  2.74E-05  7.77E-04  5.82E-09  8.37E-01  1.62E-01  2.34E-09  3.99E-05  5.69E-05  2.16E-07
5.001E+08  1915.0  2.81E+07  4.39E-04  2.55E-05  7.79E-04  5.55E-09  8.37E-01  1.62E-01  1.89E-09  4.00E-05  5.67E-05  1.92E-07
4.756E+08  1890.0  2.95E+07  4.41E-04  2.37E-05  7.81E-04  5.28E-09  8.37E-01  1.62E-01  1.52E-09  4.01E-05  5.65E-05  1.70E-07
4.523E+08  1866.0  3.12E+07  4.43E-04  2.20E-05  7.82E-04  5.02E-09  8.37E-01  1.62E-01  1.22E-09  4.02E-05  5.63E-05  1.51E-07
4.302E+08  1843.0  3.27E+07  4.44E-04  2.04E-05  7.84E-04  4.78E-09  8.36E-01  1.62E-01  9.85E-10  4.03E-05  5.61E-05  1.34E-07
4.092E+08  1821.0  3.42E+07  4.46E-04  1.90E-05  7.85E-04  4.56E-09  8.37E-01  1.62E-01  8.00E-10  4.04E-05  5.60E-05  1.20E-07
3.891E+08  1799.0  3.57E+07  4.47E-04  1.77E-05  7.87E-04  4.34E-09  8.37E-01  1.62E-01  6.44E-10  4.05E-05  5.58E-05  1.06E-07
3.701E+08  1779.0  3.72E+07  4.48E-04  1.66E-05  7.88E-04  4.17E-09  8.36E-01  1.62E-01  5.30E-10  4.06E-05  5.56E-05  9.56E-08
3.520E+08  1761.0  3.87E+07  4.49E-04  1.58E-05  7.89E-04  4.04E-09  8.36E-01  1.62E-01  4.46E-10  4.07E-05  5.54E-05  8.75E-08
3.346E+08  1744.0  4.01E+07  4.50E-04  1.51E-05  7.89E-04  3.94E-09  8.37E-01  1.62E-01  3.79E-10  4.08E-05  5.52E-05  8.06E-08
3.184E+08  1729.0  4.15E+07  4.50E-04  1.46E-05  7.89E-04  3.88E-09  8.37E-01  1.62E-01  3.30E-10  4.08E-05  5.51E-05  7.56E-08
3.028E+08  1715.0  4.29E+07  4.51E-04  1.42E-05  7.90E-04  3.85E-09  8.37E-01  1.62E-01  2.91E-10  4.09E-05  5.49E-05  7.15E-08
2.879E+08  1701.0  4.44E+07  4.51E-04  1.39E-05  7.90E-04  3.81E-09  8.36E-01  1.62E-01  2.56E-10  4.10E-05  5.48E-05  6.75E-08
2.738E+08  1688.0  4.58E+07  4.51E-04  1.36E-05  7.91E-04  3.80E-09  8.36E-01  1.62E-01  2.28E-10  4.11E-05  5.46E-05  6.42E-08
2.603E+08  1675.0  4.71E+07  4.52E-04  1.33E-05  7.91E-04  3.77E-09  8.36E-01  1.62E-01  2.02E-10  4.12E-05  5.44E-05  6.08E-08
2.478E+08  1662.0  4.85E+07  4.52E-04  1.29E-05  7.91E-04  3.74E-09  8.36E-01  1.62E-01  1.78E-10  4.13E-05  5.42E-05  5.74E-08
2.356E+08  1649.0  4.99E+07  4.52E-04  1.26E-05  7.92E-04  3.71E-09  8.36E-01  1.62E-01  1.57E-10  4.14E-05  5.39E-05  5.41E-08
2.240E+08  1635.0  5.13E+07  4.53E-04  1.21E-05  7.92E-04  3.64E-09  8.36E-01  1.62E-01  1.35E-10  4.16E-05  5.36E-05  5.02E-08
2.131E+08  1622.0  5.26E+07  4.53E-04  1.18E-05  7.92E-04  3.59E-09  8.36E-01  1.62E-01  1.18E-10  4.18E-05  5.31E-05  4.69E-08
2.026E+08  1609.0  5.38E+07  4.54E-04  1.14E-05  7.93E-04  3.54E-09  8.36E-01  1.62E-01  1.03E-10  4.21E-05  5.27E-05  4.37E-08
1.928E+08  1598.0  5.52E+07  4.54E-04  1.12E-05  7.93E-04  3.54E-09  8.36E-01  1.62E-01  9.26E-11  4.24E-05  5.20E-05  4.15E-08
1.833E+08  1587.0  5.66E+07  4.54E-04  1.10E-05  7.93E-04  3.54E-09  8.36E-01  1.62E-01  8.31E-11  4.28E-05  5.12E-05  3.92E-08
1.638E+08  1570.0  5.94E+07  4.54E-04  1.15E-05  7.93E-04  3.77E-09  8.36E-01  1.62E-01  7.46E-11  4.41E-05  4.86E-05  3.72E-08
1.481E+08  1562.0  6.21E+07  4.52E-04  1.28E-05  7.91E-04  4.24E-09  8.36E-01  1.62E-01  7.74E-11  4.56E-05  4.56E-05  3.82E-08
1.340E+08  1558.0  6.46E+07  4.50E-04  1.48E-05  7.89E-04  4.93E-09  8.37E-01  1.62E-01  8.65E-11  4.68E-05  4.32E-05  4.17E-08
1.213E+08  1555.0  6.72E+07  4.48E-04  1.74E-05  7.87E-04  5.78E-09  8.36E-01  1.62E-01  9.84E-11  4.78E-05  4.11E-05  4.63E-08
1.097E+08  1550.0  6.97E+07  4.45E-04  1.99E-05  7.84E-04  6.65E-09  8.36E-01  1.62E-01  1.08E-10  4.88E-05  3.92E-05  5.01E-08
9.927E+07  1544.0  7.23E+07  4.43E-04  2.25E-05  7.82E-04  7.57E-09  8.36E-01  1.62E-01  1.15E-10  4.97E-05  3.73E-05  5.33E-08
8.982E+07  1538.0  7.48E+07  4.40E-04  2.54E-05  7.79E-04  8.59E-09  8.36E-01  1.62E-01  1.23E-10  5.06E-05  3.55E-05  5.66E-08
8.125E+07  1533.0  7.74E+07  4.36E-04  2.90E-05  7.75E-04  9.82E-09  8.36E-01  1.62E-01  1.33E-10  5.15E-05  3.38E-05  6.10E-08
7.353E+07  1530.0  7.99E+07  4.32E-04  3.36E-05  7.71E-04  1.14E-08  8.37E-01  1.62E-01  1.49E-10  5.22E-05  3.23E-05  6.75E-08
6.652E+07  1527.0  8.24E+07  4.26E-04  3.89E-05  7.65E-04  1.31E-08  8.37E-01  1.62E-01  1.67E-10  5.29E-05  3.09E-05  7.46E-08
6.020E+07  1525.0  8.49E+07  4.20E-04  4.52E-05  7.59E-04  1.52E-08  8.36E-01  1.62E-01  1.90E-10  5.36E-05  2.95E-05  8.34E-08
5.446E+07  1521.0  8.74E+07  4.13E-04  5.16E-05  7.53E-04  1.73E-08  8.37E-01  1.62E-01  2.07E-10  5.42E-05  2.83E-05  9.09E-08
4.926E+07  1518.0  9.00E+07  4.06E-04  5.93E-05  7.45E-04  1.98E-08  8.37E-01  1.62E-01  2.29E-10  5.48E-05  2.71E-05  1.00E-07
4.460E+07  1517.0  9.24E+07  3.96E-04  6.90E-05  7.35E-04  2.27E-08  8.37E-01  1.62E-01  2.61E-10  5.54E-05  2.60E-05  1.13E-07
4.036E+07  1518.0  9.50E+07  3.84E-04  8.13E-05  7.23E-04  2.63E-08  8.36E-01  1.62E-01  3.05E-10  5.59E-05  2.48E-05  1.29E-07
3.651E+07  1521.0  9.74E+07  3.68E-04  9.65E-05  7.08E-04  3.04E-08  8.37E-01  1.62E-01  3.66E-10  5.65E-05  2.37E-05  1.51E-07
3.303E+07  1525.0  1.00E+08  3.51E-04  1.14E-04  6.90E-04  3.49E-08  8.37E-01  1.62E-01  4.41E-10  5.70E-05  2.26E-05  1.77E-07
2.991E+07  1528.0  1.02E+08  3.33E-04  1.32E-04  6.72E-04  3.91E-08  8.37E-01  1.62E-01  5.15E-10  5.75E-05  2.16E-05  2.04E-07
2.704E+07  1527.0  1.05E+08  3.16E-04  1.49E-04  6.55E-04  4.31E-08  8.37E-01  1.62E-01  5.56E-10  5.80E-05  2.06E-05  2.23E-07
2.448E+07  1526.0  1.07E+08  2.98E-04  1.66E-04  6.38E-04  4.69E-08  8.37E-01  1.62E-01  5.93E-10  5.85E-05  1.96E-05  2.42E-07
2.215E+07  1527.0  1.10E+08  2.78E-04  1.86E-04  6.18E-04  5.08E-08  8.37E-01  1.62E-01  6.43E-10  5.89E-05  1.87E-05  2.66E-07
2.004E+07  1531.0  1.12E+08  2.55E-04  2.10E-04  5.94E-04  5.47E-08  8.37E-01  1.62E-01  7.14E-10  5.94E-05  1.77E-05  2.98E-07
1.815E+07  1540.0  1.15E+08  2.27E-04  2.38E-04  5.67E-04  5.82E-08  8.37E-01  1.62E-01  8.34E-10  5.99E-05  1.67E-05  3.47E-07
1.642E+07  1550.0  1.18E+08  1.99E-04  2.66E-04  5.38E-04  6.10E-08  8.37E-01  1.62E-01  9.53E-10  6.03E-05  1.57E-05  3.99E-07
1.487E+07  1560.0  1.20E+08  1.72E-04  2.93E-04  5.11E-04  6.29E-08  8.37E-01  1.62E-01  1.06E-09  6.08E-05  1.48E-05  4.53E-07
1.346E+07  1568.0  1.23E+08  1.47E-04  3.17E-04  4.87E-04  6.41E-08  8.37E-01  1.62E-01  1.12E-09  6.12E-05  1.40E-05  4.99E-07
1.217E+07  1573.0  1.25E+08  1.27E-04  3.37E-04  4.67E-04  6.48E-08  8.37E-01  1.62E-01  1.12E-09  6.15E-05  1.32E-05  5.32E-07
1.102E+07  1577.0  1.28E+08  1.10E-04  3.55E-04  4.49E-04  6.53E-08  8.37E-01  1.62E-01  1.10E-09  6.18E-05  1.26E-05  5.62E-07
9.969E+06  1578.0  1.30E+08  9.57E-05  3.69E-04  4.35E-04  6.56E-08  8.37E-01  1.62E-01  1.04E-09  6.21E-05  1.20E-05  5.81E-07
9.020E+06  1577.0  1.33E+08  8.38E-05  3.81E-04  4.24E-04  6.60E-08  8.38E-01  1.62E-01  9.60E-10  6.23E-05  1.16E-05  5.90E-07
8.164E+06  1576.0  1.36E+08  7.36E-05  3.91E-04  4.13E-04  6.62E-08  8.37E-01  1.62E-01  8.86E-10  6.25E-05  1.12E-05  6.03E-07
7.385E+06  1574.0  1.38E+08  6.46E-05  4.00E-04  4.04E-04  6.64E-08  8.38E-01  1.62E-01  8.03E-10  6.27E-05  1.09E-05  6.12E-07
6.685E+06  1574.0  1.41E+08  5.65E-05  4.08E-04  3.96E-04  6.64E-08  8.38E-01  1.62E-01  7.50E-10  6.28E-05  1.06E-05  6.34E-07
6.047E+06  1573.0  1.43E+08  4.95E-05  4.15E-04  3.89E-04  6.65E-08  8.38E-01  1.62E-01  6.88E-10  6.29E-05  1.03E-05  6.52E-07
5.474E+06  1573.0  1.46E+08  4.34E-05  4.21E-04  3.83E-04  6.64E-08  8.38E-01  1.62E-01  6.44E-10  6.30E-05  1.01E-05  6.78E-07
4.951E+06  1571.0  1.49E+08  3.82E-05  4.26E-04  3.78E-04  6.65E-08  8.37E-01  1.62E-01  5.87E-10  6.31E-05  9.90E-06  6.97E-07
4.481E+06  1569.0  1.51E+08  3.38E-05  4.30E-04  3.74E-04  6.66E-08  8.38E-01  1.62E-01  5.41E-10  6.32E-05  9.74E-06  7.18E-07
4.055E+06  1566.0  1.54E+08  3.02E-05  4.34E-04  3.70E-04  6.68E-08  8.37E-01  1.62E-01  4.96E-10  6.32E-05  9.61E-06  7.38E-07
3.667E+06  1562.0  1.56E+08  2.72E-05  4.37E-04  3.67E-04  6.71E-08  8.38E-01  1.62E-01  4.56E-10  6.33E-05  9.49E-06  7.57E-07
3.316E+06  1557.0  1.59E+08  2.48E-05  4.39E-04  3.65E-04  6.75E-08  8.38E-01  1.62E-01  4.18E-10  6.33E-05  9.40E-06  7.76E-07
3.001E+06  1552.0  1.61E+08  2.28E-05  4.41E-04  3.63E-04  6.80E-08  8.38E-01  1.62E-01  3.91E-10  6.34E-05  9.31E-06  8.00E-07
2.716E+06  1547.0  1.64E+08  2.12E-05  4.43E-04  3.61E-04  6.84E-08  8.38E-01  1.62E-01  3.73E-10  6.34E-05  9.25E-06  8.27E-07
2.457E+06  1540.0  1.67E+08  1.99E-05  4.44E-04  3.60E-04  6.91E-08  8.38E-01  1.62E-01  3.48E-10  6.34E-05  9.19E-06  8.50E-07
2.222E+06  1533.0  1.69E+08  1.89E-05  4.45E-04  3.59E-04  6.98E-08  8.38E-01  1.62E-01  3.32E-10  6.34E-05  9.13E-06  8.76E-07
2.011E+06  1526.0  1.72E+08  1.81E-05  4.46E-04  3.58E-04  7.05E-08  8.38E-01  1.62E-01  3.20E-10  6.34E-05  9.08E-06  9.02E-07
1.819E+06  1518.0  1.74E+08  1.74E-05  4.47E-04  3.57E-04  7.14E-08  8.38E-01  1.62E-01  3.08E-10  6.34E-05  9.04E-06  9.28E-07
1.646E+06  1510.0  1.77E+08  1.69E-05  4.47E-04  3.57E-04  7.23E-08  8.38E-01  1.62E-01  2.99E-10  6.34E-05  9.00E-06  9.54E-07
1.489E+06  1502.0  1.79E+08  1.65E-05  4.48E-04  3.56E-04  7.32E-08  8.38E-01  1.62E-01  2.94E-10  6.34E-05  8.97E-06  9.78E-07
1.347E+06  1494.0  1.82E+08  1.62E-05  4.48E-04  3.56E-04  7.41E-08  8.38E-01  1.62E-01  2.90E-10  6.34E-05  8.94E-06  1.00E-06
1.219E+06  1486.0  1.84E+08  1.59E-05  4.48E-04  3.56E-04  7.51E-08  8.38E-01  1.62E-01  2.89E-10  6.34E-05  8.91E-06  1.02E-06
1.102E+06  1477.0  1.87E+08  1.57E-05  4.48E-04  3.56E-04  7.62E-08  8.38E-01  1.62E-01  2.83E-10  6.34E-05  8.89E-06  1.04E-06
9.972E+05  1469.0  1.89E+08  1.56E-05  4.48E-04  3.56E-04  7.73E-08  8.38E-01  1.62E-01  2.83E-10  6.34E-05  8.87E-06  1.06E-06
9.018E+05  1460.0  1.91E+08  1.55E-05  4.48E-04  3.56E-04  7.85E-08  8.38E-01  1.62E-01  2.79E-10  6.34E-05  8.85E-06  1.07E-06
8.161E+05  1452.0  1.94E+08  1.54E-05  4.48E-04  3.56E-04  7.95E-08  8.38E-01  1.62E-01  2.80E-10  6.35E-05  8.84E-06  1.08E-06
7.384E+05  1443.0  1.96E+08  1.54E-05  4.49E-04  3.56E-04  8.08E-08  8.38E-01  1.62E-01  2.76E-10  6.34E-05  8.83E-06  1.09E-06
6.676E+05  1433.0  1.98E+08  1.53E-05  4.49E-04  3.56E-04  8.23E-08  8.38E-01  1.62E-01  2.65E-10  6.35E-05  8.82E-06  1.09E-06
6.038E+05  1423.0  2.01E+08  1.53E-05  4.49E-04  3.56E-04  8.38E-08  8.38E-01  1.62E-01  2.55E-10  6.35E-05  8.82E-06  1.10E-06
5.463E+05  1413.0  2.03E+08  1.53E-05  4.49E-04  3.55E-04  8.54E-08  8.38E-01  1.62E-01  2.44E-10  6.34E-05  8.81E-06  1.10E-06
4.941E+05  1402.0  2.06E+08  1.52E-05  4.48E-04  3.55E-04  8.72E-08  8.38E-01  1.62E-01  2.27E-10  6.35E-05  8.81E-06  1.11E-06
4.470E+05  1391.0  2.08E+08  1.52E-05  4.49E-04  3.55E-04  8.90E-08  8.38E-01  1.62E-01  2.10E-10  6.34E-05  8.80E-06  1.11E-06
4.044E+05  1380.0  2.10E+08  1.52E-05  4.49E-04  3.55E-04  9.10E-08  8.37E-01  1.62E-01  1.94E-10  6.34E-05  8.80E-06  1.12E-06
3.656E+05  1368.0  2.12E+08  1.52E-05  4.49E-04  3.55E-04  9.32E-08  8.38E-01  1.62E-01  1.74E-10  6.34E-05  8.79E-06  1.12E-06
3.308E+05  1357.0  2.15E+08  1.52E-05  4.49E-04  3.55E-04  9.53E-08  8.37E-01  1.62E-01  1.60E-10  6.35E-05  8.79E-06  1.13E-06
2.991E+05  1345.0  2.17E+08  1.52E-05  4.49E-04  3.55E-04  9.77E-08  8.38E-01  1.62E-01  1.42E-10  6.34E-05  8.78E-06  1.13E-06
2.705E+05  1333.0  2.19E+08  1.52E-05  4.49E-04  3.55E-04  1.00E-07  8.37E-01  1.62E-01  1.25E-10  6.35E-05  8.78E-06  1.14E-06
2.447E+05  1321.0  2.21E+08  1.52E-05  4.49E-04  3.55E-04  1.03E-07  8.38E-01  1.62E-01  1.10E-10  6.35E-05  8.77E-06  1.15E-06
2.213E+05  1309.0  2.23E+08  1.52E-05  4.49E-04  3.55E-04  1.06E-07  8.38E-01  1.62E-01  9.56E-11  6.35E-05  8.76E-06  1.15E-06
2.001E+05  1297.0  2.26E+08  1.52E-05  4.49E-04  3.55E-04  1.08E-07  8.38E-01  1.62E-01  8.29E-11  6.35E-05  8.75E-06  1.16E-06
1.811E+05  1285.0  2.28E+08  1.52E-05  4.49E-04  3.55E-04  1.12E-07  8.38E-01  1.62E-01  7.14E-11  6.35E-05  8.75E-06  1.17E-06
1.638E+05  1273.0  2.30E+08  1.52E-05  4.49E-04  3.55E-04  1.15E-07  8.38E-01  1.62E-01  6.12E-11  6.35E-05  8.74E-06  1.17E-06
1.482E+05  1261.0  2.32E+08  1.52E-05  4.49E-04  3.55E-04  1.18E-07  8.38E-01  1.62E-01  5.22E-11  6.35E-05  8.73E-06  1.18E-06
1.340E+05  1249.0  2.34E+08  1.51E-05  4.49E-04  3.55E-04  1.22E-07  8.38E-01  1.62E-01  4.43E-11  6.35E-05  8.72E-06  1.19E-06
1.212E+05  1237.0  2.36E+08  1.51E-05  4.49E-04  3.55E-04  1.25E-07  8.38E-01  1.62E-01  3.75E-11  6.35E-05  8.71E-06  1.20E-06
1.096E+05  1225.0  2.38E+08  1.51E-05  4.49E-04  3.55E-04  1.29E-07  8.38E-01  1.62E-01  3.19E-11  6.35E-05  8.70E-06  1.21E-06
9.912E+04  1214.0  2.40E+08  1.51E-05  4.49E-04  3.55E-04  1.33E-07  8.38E-01  1.62E-01  2.77E-11  6.34E-05  8.69E-06  1.22E-06
8.963E+04  1203.0  2.42E+08  1.51E-05  4.49E-04  3.55E-04  1.37E-07  8.38E-01  1.62E-01  2.46E-11  6.34E-05  8.68E-06  1.23E-06
8.112E+04  1193.0  2.44E+08  1.51E-05  4.49E-04  3.55E-04  1.41E-07  8.38E-01  1.62E-01  2.26E-11  6.35E-05  8.67E-06  1.24E-06
7.338E+04  1183.0  2.46E+08  1.51E-05  4.49E-04  3.55E-04  1.45E-07  8.38E-01  1.62E-01  2.18E-11  6.35E-05  8.66E-06  1.25E-06
6.637E+04  1173.0  2.48E+08  1.51E-05  4.49E-04  3.55E-04  1.49E-07  8.38E-01  1.62E-01  2.23E-11  6.35E-05  8.64E-06  1.27E-06
6.001E+04  1163.0  2.50E+08  1.51E-05  4.49E-04  3.55E-04  1.53E-07  8.38E-01  1.62E-01  2.43E-11  6.35E-05  8.63E-06  1.28E-06
5.430E+04  1155.0  2.52E+08  1.50E-05  4.49E-04  3.55E-04  1.56E-07  8.38E-01  1.62E-01  2.83E-11  6.34E-05  8.61E-06  1.30E-06
4.908E+04  1146.0  2.54E+08  1.50E-05  4.49E-04  3.55E-04  1.60E-07  8.38E-01  1.62E-01  3.43E-11  6.35E-05  8.59E-06  1.31E-06
4.441E+04  1139.0  2.56E+08  1.50E-05  4.48E-04  3.55E-04  1.63E-07  8.38E-01  1.62E-01  4.29E-11  6.35E-05  8.58E-06  1.33E-06
4.019E+04  1133.0  2.57E+08  1.50E-05  4.49E-04  3.55E-04  1.67E-07  8.38E-01  1.62E-01  5.46E-11  6.35E-05  8.56E-06  1.35E-06
3.635E+04  1127.0  2.59E+08  1.50E-05  4.48E-04  3.55E-04  1.70E-07  8.38E-01  1.62E-01  6.93E-11  6.35E-05  8.54E-06  1.37E-06
3.288E+04  1122.0  2.61E+08  1.49E-05  4.49E-04  3.55E-04  1.73E-07  8.37E-01  1.62E-01  8.75E-11  6.34E-05  8.51E-06  1.39E-06
2.974E+04  1117.0  2.63E+08  1.49E-05  4.49E-04  3.55E-04  1.76E-07  8.38E-01  1.62E-01  1.09E-10  6.35E-05  8.49E-06  1.41E-06
2.692E+04  1113.0  2.65E+08  1.49E-05  4.49E-04  3.55E-04  1.78E-07  8.38E-01  1.62E-01  1.35E-10  6.35E-05  8.46E-06  1.44E-06
2.433E+04  1108.0  2.67E+08  1.49E-05  4.49E-04  3.55E-04  1.81E-07  8.38E-01  1.62E-01  1.63E-10  6.35E-05  8.43E-06  1.47E-06
1.752E+04  1093.0  2.73E+08  1.48E-05  4.49E-04  3.55E-04  1.91E-07  8.38E-01  1.62E-01  2.79E-10  6.35E-05  8.32E-06  1.57E-06
1.251E+04  1076.0  2.79E+08  1.46E-05  4.49E-04  3.55E-04  2.01E-07  8.38E-01  1.62E-01  4.10E-10  6.35E-05  8.18E-06  1.71E-06
8.952E+03  1062.0  2.85E+08  1.45E-05  4.49E-04  3.55E-04  2.11E-07  8.38E-01  1.62E-01  5.68E-10  6.35E-05  8.00E-06  1.88E-06
6.407E+03  1052.0  2.90E+08  1.42E-05  4.49E-04  3.55E-04  2.19E-07  8.38E-01  1.62E-01  8.05E-10  6.35E-05  7.76E-06  2.10E-06
4.584E+03  1045.0  2.96E+08  1.39E-05  4.48E-04  3.55E-04  2.26E-07  8.38E-01  1.62E-01  1.23E-09  6.35E-05  7.46E-06  2.39E-06
3.283E+03  1041.0  3.02E+08  1.36E-05  4.49E-04  3.55E-04  2.30E-07  8.38E-01  1.62E-01  2.14E-09  6.35E-05  7.07E-06  2.76E-06
2.351E+03  1038.0  3.08E+08  1.31E-05  4.49E-04  3.55E-04  2.34E-07  8.38E-01  1.62E-01  4.09E-09  6.35E-05  6.58E-06  3.23E-06
1.684E+03  1034.0  3.13E+08  1.25E-05  4.48E-04  3.55E-04  2.37E-07  8.38E-01  1.62E-01  8.49E-09  6.35E-05  5.95E-06  3.83E-06
1.207E+03  1030.0  3.19E+08  1.17E-05  4.48E-04  3.55E-04  2.41E-07  8.38E-01  1.62E-01  1.83E-08  6.35E-05  5.14E-06  4.61E-06
8.644E+02  1026.0  3.25E+08  1.07E-05  4.49E-04  3.55E-04  2.45E-07  8.38E-01  1.62E-01  3.88E-08  6.35E-05  4.15E-06  5.55E-06
6.189E+02  1022.0  3.30E+08  9.51E-06  4.48E-04  3.55E-04  2.49E-07  8.38E-01  1.62E-01  7.90E-08  6.36E-05  3.01E-06  6.66E-06
4.433E+02  1018.0  3.36E+08  8.30E-06  4.48E-04  3.55E-04  2.53E-07  8.37E-01  1.62E-01  1.48E-07  6.36E-05  1.89E-06  7.74E-06
3.176E+02  1012.0  3.41E+08  7.19E-06  4.49E-04  3.55E-04  2.60E-07  8.37E-01  1.62E-01  2.59E-07  6.36E-05  9.75E-07  8.64E-06
2.273E+02  1003.0  3.47E+08  6.29E-06  4.48E-04  3.55E-04  2.69E-07  8.37E-01  1.62E-01  4.27E-07  6.36E-05  3.77E-07  9.24E-06
1.626E+02   992.3  3.53E+08  5.55E-06  4.48E-04  3.55E-04  2.80E-07  8.37E-01  1.62E-01  6.69E-07  6.36E-05  1.02E-07  9.51E-06
1.163E+02   981.2  3.58E+08  4.83E-06  4.48E-04  3.55E-04  2.94E-07  8.37E-01  1.62E-01  1.01E-06  6.36E-05  1.84E-08  9.60E-06
8.334E+01   968.7  3.63E+08  3.97E-06  4.47E-04  3.55E-04  3.10E-07  8.35E-01  1.62E-01  1.47E-06  6.35E-05  2.39E-09  9.60E-06
5.961E+01   954.7  3.69E+08  2.93E-06  4.47E-04  3.55E-04  3.29E-07  8.35E-01  1.62E-01  2.05E-06  6.35E-05  2.39E-10  9.60E-06
4.263E+01   939.6  3.74E+08  1.86E-06  4.46E-04  3.55E-04  3.51E-07  8.34E-01  1.62E-01  2.67E-06  6.35E-05  2.12E-11  9.60E-06
3.049E+01   924.5  3.79E+08  9.86E-07  4.46E-04  3.55E-04  3.76E-07  8.33E-01  1.62E-01  3.22E-06  6.34E-05  2.48E-12  9.59E-06
2.183E+01   910.5  3.84E+08  4.47E-07  4.45E-04  3.55E-04  4.03E-07  8.31E-01  1.61E-01  3.66E-06  6.33E-05  7.67E-13  9.58E-06
1.562E+01   897.2  3.89E+08  1.89E-07  4.43E-04  3.55E-04  4.32E-07  8.29E-01  1.61E-01  4.04E-06  6.32E-05  4.26E-13  9.56E-06
1.119E+01   885.8  3.94E+08  9.08E-08  4.42E-04  3.56E-04  4.62E-07  8.25E-01  1.61E-01  4.38E-06  6.31E-05  2.73E-13  9.55E-06
8.025E+00   876.7  3.99E+08  5.39E-08  4.39E-04  3.56E-04  4.96E-07  8.21E-01  1.60E-01  4.66E-06  6.30E-05  1.84E-13  9.52E-06
5.761E+00   869.7  4.04E+08  3.79E-08  4.36E-04  3.57E-04  5.33E-07  8.15E-01  1.60E-01  4.74E-06  6.28E-05  1.33E-13  9.49E-06
4.146E+00   864.9  4.08E+08  2.82E-08  4.30E-04  3.58E-04  5.79E-07  8.06E-01  1.59E-01  4.34E-06  6.24E-05  1.03E-13  9.44E-06
2.991E+00   861.9  4.13E+08  2.10E-08  4.22E-04  3.60E-04  6.34E-07  7.93E-01  1.58E-01  2.83E-06  6.20E-05  8.45E-14  9.36E-06
2.166E+00   860.5  4.18E+08  1.50E-08  4.10E-04  3.63E-04  7.00E-07  7.74E-01  1.56E-01  3.45E-07  6.13E-05  7.13E-14  9.25E-06
1.575E+00   860.6  4.22E+08  8.91E-09  3.94E-04  3.68E-04  7.75E-07  7.49E-01  1.54E-01  7.09E-08  6.04E-05  6.21E-14  9.10E-06
1.148E+00   862.1  4.27E+08  4.52E-09  3.72E-04  3.75E-04  8.51E-07  7.19E-01  1.51E-01  3.90E-08  5.93E-05  5.65E-14  8.92E-06
8.405E-01   864.9  4.31E+08  2.12E-09  3.46E-04  3.85E-04  9.22E-07  6.83E-01  1.48E-01  2.81E-08  5.79E-05  5.29E-14  8.70E-06
6.172E-01   868.8  4.36E+08  9.72E-10  3.14E-04  3.97E-04  9.75E-07  6.44E-01  1.45E-01  2.32E-08  5.65E-05  5.11E-14  8.45E-06
4.549E-01   874.4  4.41E+08  4.39E-10  2.78E-04  4.12E-04  1.00E-06  6.00E-01  1.41E-01  2.12E-08  5.48E-05  5.01E-14  8.16E-06
3.363E-01   882.3  4.45E+08  2.00E-10  2.40E-04  4.27E-04  9.91E-07  5.53E-01  1.37E-01  2.12E-08  5.30E-05  4.98E-14  7.81E-06
2.493E-01   893.4  4.50E+08  9.31E-11  2.01E-04  4.40E-04  9.35E-07  5.04E-01  1.32E-01  2.32E-08  5.10E-05  4.95E-14  7.39E-06
1.851E-01   909.4  4.55E+08  4.57E-11  1.64E-04  4.49E-04  8.36E-07  4.55E-01  1.28E-01  2.82E-08  4.89E-05  4.90E-14  6.89E-06
1.379E-01   932.6  4.60E+08  2.38E-11  1.31E-04  4.51E-04  6.95E-07  4.05E-01  1.23E-01  3.85E-08  4.66E-05  4.74E-14  6.26E-06
1.028E-01   966.6  4.65E+08  1.39E-11  1.02E-04  4.45E-04  5.28E-07  3.57E-01  1.19E-01  6.01E-08  4.42E-05  4.49E-14  5.52E-06
7.686E-02  1018.0  4.70E+08  9.55E-12  7.85E-05  4.30E-04  3.52E-07  3.10E-01  1.14E-01  1.10E-07  4.15E-05  4.26E-14  4.66E-06
5.758E-02  1097.0  4.76E+08  7.84E-12  5.89E-05  4.01E-04  1.91E-07  2.66E-01  1.09E-01  2.26E-07  3.84E-05  4.39E-14  3.72E-06
4.334E-02  1226.0  4.83E+08  7.84E-12  4.24E-05  3.50E-04  7.59E-08  2.23E-01  1.04E-01  4.22E-07  3.46E-05  6.38E-14  2.78E-06
3.288E-02  1454.0  4.91E+08  9.60E-12  2.77E-05  2.47E-04  1.98E-08  1.81E-01  9.88E-02  2.85E-07  2.96E-05  1.87E-13  1.82E-06
2.533E-02  1911.0  5.01E+08  1.33E-11  1.41E-05  8.89E-05  2.34E-09  1.34E-01  9.15E-02  1.98E-08  2.27E-05  1.12E-12  6.80E-07
2.005E-02  3101.0  5.17E+08  9.39E-12  4.75E-06  6.83E-06  6.02E-11  7.15E-02  7.99E-02  3.74E-10  1.26E-05  6.84E-12  2.83E-08
1.608E-02  7389.0  5.42E+08  4.02E-18  1.14E-07  6.79E-11  1.46E-15  4.06E-04  5.76E-02  1.35E-15  1.11E-06  2.23E-17  1.29E-12
1.143E-02  8411.0  6.01E+08  4.52E-25  2.47E-10  1.11E-16  1.46E-21  1.18E-06  3.27E-02  4.32E-22  9.92E-09  2.64E-24  4.72E-18